65.964,0,6.24,-0.7906865554396063,-0.940266146324575
66.165,0,6.24,,
66.365,0,6.24,,
66.566,0,6.24,,
66.765,0,6.24,,
66.813,0,0,-0.6611761471722275,-0.9068203419446945
66.966,0,6.24,,
67.166,0,6.24,,
67.367,0,6.24,,
67.567,0,6.24,,
67.768,0,6.24,,
67.805,0,0,-0.619123364565894,-0.8714608633890748
67.968,0,6.24,,
68.169,0,6.24,,
68.369,0.0532,6.24,,
68.57,0,6.24,,
68.771,0,6.24,,
68.807,0,0,-0.6375801707617939,-0.8881885763257742
68.971,0,6.24,,
69.172,0,6.24,,
69.373,0,6.24,,
69.573,0,6.24,,
69.774,0,6.24,,
69.822,0,0,-0.7003471278585494,-0.9304809048771858
69.976,0,6.24,,
70.175,0,6.24,,
70.375,0,6.24,,
70.576,0,6.24,,
70.78,0.0532,6.24,,
70.808,0,0,-0.8539204620756209,-1.0047356076538563
70.977,0.0532,6.24,,
71.178,0,6.24,,
71.381,0,6.24,,
71.579,0,6.24,,
71.779,0,6.24,,
71.979,0,6.24,-1.019418336218223,-1.0853367699310184
72.179,0,6.24,,
72.38,0,6.24,,
72.58,0,6.24,,
72.78,0.0532,6.24,,
72.817,0,0,-1.093461079057306,-1.1271092286333442
72.981,0,6.24,,
73.182,0.1064,6.24,,
73.382,0,6.24,,
73.583,0.1064,6.24,,
73.783,0,6.24,,
73.818,0,0,-1.424706053454429,-1.253345594741404
73.984,0.1064,6.24,,
74.185,0.1064,6.24,,
74.386,0.0532,6.24,,
74.586,0.0532,6.24,,
74.787,0.1596,6.24,,
74.811,0,0,-1.6003734089899808,-1.3091833088546991
74.987,0.266,6.24,,
75.187,0.3458,6.24,,
75.387,0.4522,6.24,,
75.588,0.4522,6.24,,
75.788,0.5586,6.24,,
75.829,0,0,-1.3818547774571925,-1.2698573721572757
75.99,0.5586,6.24,,
76.189,0.6118,6.24,,
76.391,0.5586,6.23,,
76.595,0.5586,6.24,,
76.794,0.5586,6.24,,
76.813,0,0,-0.9336992264725268,-1.1910419650375843
76.992,0.6118,6.25,,
77.192,0.6118,6.25,,
77.393,0.6118,6.24,,
77.593,0.6916,6.25,,
77.803,0.6118,6.26,,
77.82,0,0,-0.34136562957428396,-1.0504522118717432
77.994,0.5586,6.27,,
78.195,0.5586,6.27,,
78.395,0.6118,0,,
78.596,0.5586,0.01,,
78.996,0.5586,0.05,0.2507861515041441,-0.8945515947416425
79.197,0.5586,0.07,,
79.397,0.5586,0.09,,
79.598,0.5054,0.11,,
79.814,0.5054,0.12,,
79.819,0,0,0.7657304501626641,-0.7473288299515843
79.999,0.6118,0.14,,
80.203,0.6916,0.16,,
80.4,0.8512,0.19,,
80.6,1.0373999999999999,0.22,,
80.803,1.0373999999999999,0.24,,
80.83,0,0,1.3640094152651727,-0.5986518934369087
81.001,0.9044,0.27,,
81.202,0.9576,0.29,,
81.402,0.9576,0.32,,
81.603,1.0373999999999999,0.34,,
81.805,1.0906,0.35000000000000003,,
81.827,0,0,2.088086398784071,-0.41978346463292837
82.004,1.0906,0.37,,
82.204,1.1438,0.37,,
82.405,1.1438,0.37,,
82.605,1.0906,0.37,,
82.811,1.0373999999999999,0.36,,
82.812,0,0,3.0536441071890295,-0.2092507341876626
83.006,1.0906,0.35000000000000003,,
83.207,1.0373999999999999,0.35000000000000003,,
83.408,0.9576,0.34,,
83.608,1.0373999999999999,0.32,,
83.814,0.9576,0.29,,
83.82,0,0,4.124396173283458,-0.00014202669262886047
84.01,0.8512,0.27,,
84.211,0.8512,0.25,,
84.411,0.7979999999999999,0.23,,
84.612,0.8512,0.21,,
84.816,0.7979999999999999,0.19,,
85.013,0.8512,0.17,5.006705348612741,0.19888150785118341
85.214,0.7979999999999999,0.15,,
85.414,0.8512,0.13,,
85.615,0.8512,0.11,,
85.82,0.7979999999999999,0.09,,
85.822,0,0,5.77789348247461,0.4008420668542385
86.015,0.7979999999999999,0.07,,
86.416,0.8512,0.03,,
86.616,0.8512,0.01,,
86.82,0.9044,0,,
86.821,0,0,6.610226633492857,0.6279293075203896
87.017,0.9044,6.27,,
87.218,0.9044,6.25,,
87.418,0.9576,6.23,,
87.621,0.9044,6.22,,
87.823,0.9044,6.2,7.43038212810643,0.8546090042218566
88.019,0.8512,6.19,,
88.22,0.9044,6.18,,
88.421,0.9044,6.17,,
88.622,0.9576,6.17,,
88.824,1.0373999999999999,6.17,,
88.829,0,0,8.05020392802544,1.0550293242558837
89.023,1.0373999999999999,6.17,,
89.223,1.0373999999999999,6.16,,
89.423,1.0373999999999999,6.16,,
89.625,0.9044,6.15,,
89.825,0.9576,6.15,8.804189529269934,1.259022869169712
90.025,0.8512,6.15,,
90.226,0.8512,6.15,,
90.426,0.8512,6.15,,
90.626,0.9044,6.15,,
90.827,0.9044,6.15,9.720282762311399,1.4615152478218079
91.027,0.9576,6.14,,
91.228,0.9044,6.15,,
91.428,0.9044,6.14,,
91.629,0.9044,6.14,,
91.829,0.9044,6.14,10.46571856061928,1.6251567797735333
92.03,0.9044,6.15,,
92.23,0.9044,6.16,,
92.431,0.9576,6.16,,
92.631,0.9576,6.15,,
92.833,0.9044,6.16,11.1473844491411,1.7750611416995525
93.032,0.9044,6.15,,
93.233,0.8512,6.16,,
93.433,0.7979999999999999,6.16,,
93.634,0.7447999999999999,6.16,,
93.835,0.7979999999999999,6.16,11.872563572833315,1.9491472076624632
94.035,0.7447999999999999,6.16,,
94.236,0.7447999999999999,6.16,,
94.436,0.7979999999999999,6.16,,
94.637,0.7979999999999999,6.16,,
94.838,0.7979999999999999,6.17,12.615222530206665,2.1006345115602016
95.238,0.7447999999999999,6.17,,
95.441,0.7979999999999999,6.18,,
95.639,0.7447999999999999,6.18,,
95.84,0.7979999999999999,6.18,13.244823624612764,2.239259587600827
96.041,0.7979999999999999,6.19,,
96.241,0.9044,6.2,,
96.443,0.9044,6.2,,
96.642,1.0373999999999999,6.21,,
96.846,1.0373999999999999,6.21,13.841152257053182,2.3383116722106934
97.042,1.0373999999999999,6.21,,
97.243,0.9576,6.22,,
97.443,0.9576,6.23,,
97.644,0.9576,6.24,,
97.845,1.0373999999999999,6.25,14.478022317634895,2.4308747900649905
98.045,1.0906,6.25,,
98.245,1.0373999999999999,6.25,,
98.446,1.0373999999999999,6.25,,
98.647,0.9576,6.26,,
98.852,1.0373999999999999,6.26,15.146820427849889,2.5252789659425616
99.048,1.0373999999999999,6.26,,
99.247,0.9576,6.27,,
99.449,1.0373999999999999,6.27,,
99.649,1.0373999999999999,6.27,,
99.85,0.9576,6.27,15.922772312536836,2.6726852003484964
100.05,0.9576,6.28,,
100.251,1.0373999999999999,6.28,,
100.451,1.0373999999999999,6.27,,
100.651,1.0906,6.28,,
100.852,1.0906,0,16.84408135456033,2.8622275022789836
101.052,1.0373999999999999,0,,
101.253,1.1438,0,,
101.453,1.0373999999999999,6.28,,
101.654,1.1438,6.27,,
101.854,1.0373999999999999,6.27,17.645680320914835,3.0484091751277447
102.055,1.0373999999999999,6.27,,
102.255,1.0373999999999999,6.27,,
102.456,1.0373999999999999,6.27,,
102.656,0.9576,6.27,,
102.857,0.9576,6.26,18.366689432645217,3.201864336617291
103.058,0.9044,6.26,,
103.259,0.8512,6.25,,
103.458,0.9044,6.26,,
103.66,0.8512,6.26,,
103.86,0.8512,6.27,19.254772883374244,3.3758333632722497
104.06,0.9576,6.27,,
104.26,0.9044,6.27,,
104.461,1.0373999999999999,6.27,,
104.661,1.0373999999999999,6.27,,
104.862,0.9576,6.28,20.2254035260994,3.554673722013831
105.062,0.9576,0,,
105.264,0.9576,0,,
105.463,1.0373999999999999,0.01,,
105.664,1.0373999999999999,0.01,,
105.864,1.0373999999999999,0.01,21.226096646860242,3.728928158991039
106.065,1.0906,0.01,,
106.265,1.0373999999999999,0.01,,
106.466,1.0373999999999999,0.02,,
106.666,1.0373999999999999,0.02,,
106.867,1.0373999999999999,0.02,22.102996092522517,3.8691348992288113
107.068,1.0373999999999999,0.02,,
107.269,1.0906,0.02,,
107.47,1.0906,0.02,,
107.67,1.0906,0.02,,
107.87,1.0373999999999999,0.02,22.95831705117598,4.020680866204202
108.071,1.0373999999999999,0.02,,
108.271,1.0906,0.01,,
108.472,1.0373999999999999,0,,
108.672,1.0373999999999999,0,,
108.873,1.0373999999999999,0,23.921007314696908,4.200090719386935
109.074,1.0373999999999999,6.27,,
109.274,0.9576,6.27,,
109.475,0.9576,6.26,,
109.675,0.9576,6.26,,
109.876,0.9576,6.26,24.79765736591071,4.3752637496218085
110.076,1.0373999999999999,6.25,,
110.277,1.0373999999999999,6.25,,
110.477,1.0373999999999999,6.24,,
110.678,1.0906,6.24,,
110.877,1.0373999999999999,6.24,25.656428127083927,4.531203486025333
111.078,1.0906,6.24,,
111.278,1.0906,6.24,,
111.479,1.0906,6.24,,
111.679,1.1438,6.25,,
111.88,1.1438,6.25,26.650746387196705,4.694394256919622
112.081,1.1969999999999998,6.26,,
112.281,1.0906,6.27,,
112.482,1.0906,0,,
112.685,1.0906,0.01,,
112.817,0,0,27.606703714933246,4.869134490378201
112.883,1.1969999999999998,0.02,,
113.084,1.1969999999999998,0.03,,
113.284,1.2502,0.03,,
113.485,1.1438,0.03,,
113.685,1.1438,0.03,,
113.886,1.0906,0.03,28.556929386220872,5.063903748057783
114.086,1.1438,0.03,,
114.287,1.1438,0.03,,
114.486,1.1438,0.03,,
114.687,1.1438,0.03,,
114.887,1.0906,0.03,29.592225879896432,5.281637787818909
115.088,0.9576,0.03,,
115.288,0.9044,0.03,,
115.489,0.9044,0.03,,
115.69,0.7979999999999999,0.02,,
115.891,0.8512,0.02,30.509522238979116,5.449867194518447
116.091,0.7979999999999999,0.02,,
116.292,0.9044,0.02,,
116.492,0.9044,0.02,,
116.693,0.9044,0.02,,
116.893,0.7979999999999999,0.01,31.308790359878913,5.554192301817238
117.094,0.7447999999999999,0.01,,
117.294,0.7979999999999999,0.01,,
117.495,0.8512,0.01,,
117.695,0.7979999999999999,0.01,,
117.896,0.7447999999999999,0.01,32.08815054758452,5.657767528668046
118.099,0.7447999999999999,0.01,,
118.297,0.7979999999999999,0,,
118.497,0.9044,0,,
118.698,1.0373999999999999,0,,
118.897,1.0373999999999999,0,32.75179052888416,5.740669981576502
119.098,1.0906,0,,
119.298,1.0906,6.28,,
119.499,1.0906,6.28,,
119.699,1.0373999999999999,6.28,,
119.816,0,0,33.43216980854049,5.828389972448349
119.9,1.0906,0,,
120.302,0.9576,0,,
120.502,0.9576,0,,
120.703,0.9044,0,,
120.903,0.8512,0,34.008389639435336,5.932405172847211
121.103,0.9044,0,,
121.305,0.9576,0,,
121.507,1.0373999999999999,0,,
121.705,1.0373999999999999,6.27,,
121.905,0.9044,6.27,34.543743652058765,6.039476121775806
122.106,0.9576,6.27,,
122.307,0.9576,6.26,,
122.507,0.9576,6.26,,
122.707,1.0373999999999999,6.26,,
122.908,1.0906,6.25,35.382424423703924,6.209978047758341
123.108,0.9576,6.25,,
123.309,0.9576,6.25,,
123.509,1.0373999999999999,6.26,,
123.71,0.9576,6.26,,
123.911,1.0373999999999999,6.26,36.21793090435676,6.408774661831558
124.111,1.0373999999999999,6.26,,
124.312,1.0373999999999999,6.27,,
124.512,0.9576,6.27,,
124.713,1.0373999999999999,6.27,,
124.913,0.9576,0,36.96051248954609,6.5751201985403895
125.114,0.9576,0,,
125.314,0.9576,0,,
125.515,1.0373999999999999,0,,
125.715,1.0373999999999999,0,,
125.827,0,0,37.72982107754797,6.736830775626004
125.916,1.0906,0.01,,
126.116,1.0906,0.01,,
126.317,1.1438,0.01,,
126.517,1.0906,0.01,,
126.718,0.9576,0,,
126.817,0,0,38.730193154653534,6.936682099476457
126.918,1.0373999999999999,0,,
127.118,0.9576,0,,
127.319,0.9576,0,,
127.52,0.9576,0,,
127.721,0.9576,0,,
127.922,0.9576,0,39.709847358521074,7.100573616102338
128.122,0.9576,0.01,,
128.323,0.9044,0.01,,
128.523,0.9044,0.02,,
128.723,0.9576,0.03,,
129.125,0.8512,0.05,40.60956051852554,7.238604741171002
129.326,0.8512,0.06,,
129.525,0.9044,0.07,,
129.726,0.9576,0.09,,
129.926,0.9044,0.11,41.53154030255973,7.338108710944653
130.126,0.7979999999999999,0.12,,
130.329,0.7979999999999999,0.14,,
130.527,0.7447999999999999,0.15,,
130.728,0.7979999999999999,0.17,,
130.928,0.7447999999999999,0.2,42.32341735973023,7.426099039614201
131.129,0.8512,0.21,,
131.329,0.7447999999999999,0.23,,
131.531,0.5586,0.25,,
131.733,0.5586,0.27,,
131.817,0,0,42.978100737091154,7.504299787804484
131.932,0.5054,0.28,,
132.132,0.5586,0.3,,
132.333,0.5054,0.31,,
132.534,0.5586,0.33,,
132.734,0.6118,0.34,,
132.814,0,0,43.471488318173215,7.565956611186266
132.934,0.6118,0.36,,
133.136,0.6916,0.38,,
133.335,0.7447999999999999,0.41000000000000003,,
133.537,0.7447999999999999,0.43,,
133.738,0.8512,0.44,,
133.813,0,0,44.00065308203921,7.67568005155772
133.938,0.9576,0.45,,
134.138,1.0906,0.47000000000000003,,
134.337,0.9576,0.49,,
134.538,1.0373999999999999,0.52,,
134.738,1.0906,0.54,,
134.938,1.1438,0.5700000000000001,44.678052900824696,7.8102120496332645
135.139,1.1969999999999998,0.6,,
135.339,1.2502,0.63,,
135.54,1.1969999999999998,0.66,,
135.74,1.1969999999999998,0.6900000000000001,,
135.941,1.2502,0.71,45.54999836161733,7.962234576232731
136.141,1.3299999999999998,0.74,,
136.344,1.2502,0.78,,
136.543,1.3299999999999998,0.8,,
136.744,1.2502,0.81,,
136.944,1.1969999999999998,0.8200000000000001,46.57837228686549,8.13255817629397
137.145,1.2502,0.8300000000000001,,
137.346,1.3299999999999998,0.84,,
137.546,1.2502,0.84,,
137.748,1.2502,0.84,,
137.821,0,0,47.604271394899115,8.255534019321203
137.947,1.1438,0.85,,
138.148,1.1438,0.85,,
138.348,1.1438,0.86,,
138.548,1.1969999999999998,0.87,,
138.749,1.1969999999999998,0.87,,
138.827,0,0,48.52148311608471,8.380567600019276
138.95,1.2502,0.86,,
139.15,1.1438,0.85,,
139.35,1.1438,0.84,,
139.549,1.0373999999999999,0.8200000000000001,,
139.75,1.0373999999999999,0.79,,
139.826,0,0,49.45558961573988,8.562989462167025
139.951,1.0373999999999999,0.77,,
140.151,1.0373999999999999,0.75,,
140.352,1.0906,0.73,,
140.552,1.0906,0.71,,
140.753,1.0906,0.6900000000000001,,
140.816,0,0,50.28529853839427,8.748217761516571
140.954,1.0906,0.67,,
141.153,1.0373999999999999,0.65,,
141.354,0.9044,0.63,,
141.554,1.0373999999999999,0.62,,
141.765,1.0373999999999999,0.6,,
141.956,1.0373999999999999,0.58,51.08835530211218,8.976479982025921
142.156,1.0373999999999999,0.56,,
142.357,1.0373999999999999,0.54,,
142.558,1.0373999999999999,0.52,,
142.757,1.0373999999999999,0.5,,
142.959,1.0906,0.48,51.857834135880694,9.171335818246007
143.158,1.0373999999999999,0.46,,
143.359,0.9576,0.45,,
143.56,0.9576,0.43,,
143.761,0.9576,0.41000000000000003,,
143.961,1.0373999999999999,0.4,52.74369684746489,9.37430411670357
144.161,1.0373999999999999,0.38,,
144.361,1.0373999999999999,0.36,,
144.562,1.0906,0.35000000000000003,,
144.762,1.0906,0.33,,
144.813,0,0,53.866296463645995,9.61983990482986
144.963,1.0906,0.31,,
145.165,1.0906,0.3,,
145.365,1.1438,0.28,,
145.565,1.0373999999999999,0.27,,
145.766,1.0906,0.26,,
145.811,0,0,55.00352602591738,9.87450496852398
145.966,1.0906,0.25,,
146.167,1.1438,0.24,,
146.367,1.1438,0.22,,
146.569,1.1438,0.21,,
146.768,1.0373999999999999,0.2,,
146.818,0,0,56.13556753587909,10.156520859338343
146.969,1.0906,0.19,,
147.17,1.0373999999999999,0.18,,
147.37,0.9576,0.17,,
147.571,1.0906,0.16,,
147.771,1.0906,0.15,,
147.82,0,0,56.9401616002433,10.358750871382654
147.971,1.0373999999999999,0.14,,
148.171,1.0906,0.13,,
148.373,1.0906,0.12,,
148.573,1.0373999999999999,0.11,,
148.774,1.0373999999999999,0.11,,
148.974,1.1438,0.1,57.4986443282105,10.462278792634606
149.175,1.0906,0.09,,
149.375,1.1438,0.08,,
149.576,1.0906,0.08,,
149.776,1.1438,0.07,,
149.976,1.1438,0.06,58.08121251082048,10.509707411751151
150.177,1.1438,0.06,,
150.377,1.1438,0.05,,
150.578,1.1438,0.04,,
150.778,1.1438,0.03,,
150.819,0,0,58.836871499195695,10.59511003922671
150.979,1.1438,0.03,,
151.179,1.1969999999999998,0.03,,
151.38,1.0906,0.03,,
151.58,1.1438,0.03,,
151.781,1.0906,0.02,,
151.817,0,0,59.79028579802252,10.742162644863129
151.981,1.0906,0.02,,
152.182,1.1438,0.02,,
152.383,1.1438,0.01,,
152.586,1.1438,0.01,,
152.784,1.1438,0.01,,
152.82,0,0,60.85925126215443,10.959026315249503
152.985,1.0373999999999999,0.01,,
153.185,1.1438,0.01,,
153.386,1.1438,0.01,,
153.586,1.1438,0.01,,
153.787,1.1438,0.01,,
153.832,0,0,61.77701732260175,11.178464534692466
153.991,1.1438,0.02,,
154.188,1.0906,0.02,,
154.388,1.0906,0.02,,
154.589,1.1438,0.02,,
154.789,1.0906,0.02,,
154.81,0,0,62.77280628075823,11.417564433068037
154.99,1.0906,0.02,,
155.189,1.0906,0.03,,
155.391,1.0906,0.03,,
155.59,1.1438,0.04,,
155.791,1.0373999999999999,0.05,,
155.991,1.0906,0.05,63.74546975828707,11.689236461184919
156.192,1.0906,0.06,,
156.392,1.0373999999999999,0.06,,
156.593,1.0373999999999999,0.07,,
156.794,1.0906,0.07,,
156.813,0,0,64.75255311816,11.93741667829454
156.995,1.0906,0.08,,
157.195,1.0373999999999999,0.07,,
157.396,1.0373999999999999,0.07,,
157.597,1.0373999999999999,0.06,,
157.797,1.0373999999999999,0.06,,
157.818,0,0,65.86490777600557,12.169318996369839
157.998,1.0373999999999999,0.06,,
158.198,1.0373999999999999,0.06,,
158.399,1.0906,0.05,,
158.599,1.0906,0.05,,
158.801,1.0373999999999999,0.05,,
158.817,0,0,66.8706526691094,12.355540681630373
159,1.0906,0.05,,
159.201,1.0373999999999999,0.05,,
159.401,1.0906,0.05,,
159.601,1.0906,0.05,,
159.83,1.0906,0.06,,
159.836,0,0,67.89066576352343,12.528259086422622
160.002,1.0373999999999999,0.06,,
160.202,1.0373999999999999,0.06,,
160.403,1.0906,0.06,,
160.603,1.0906,0.06,,
160.808,1.0373999999999999,0.05,,
160.829,0,0,68.9165155806113,12.680493390187621
161.026,1.0373999999999999,0.05,,
161.205,1.0906,0.05,,
161.409,1.0373999999999999,0.04,,
161.606,1.0373999999999999,0.04,,
161.82,1.0373999999999999,0.03,,
161.829,0,0,69.8874844701495,12.843347955495119
162.007,1.0906,0.03,,
162.208,1.0906,0.02,,
162.408,1.0373999999999999,0.02,,
162.609,1.0906,0.01,,
162.82,1.1438,0.01,,
162.822,0,0,70.84562128130347,13.023155628703535
163.01,1.0906,0.01,,
163.209,1.0906,0.01,,
163.41,1.1438,0.01,,
163.61,1.1438,0,,
163.815,1.0906,0,71.8148332037963,13.20815475191921
164.012,1.0906,0,,
164.214,1.0906,0,,
164.413,1.0906,0,,
164.613,1.0906,0,,
164.819,1.0906,0,,
164.82,0,0,72.79610261274502,13.413444592617452
165.014,1.0373999999999999,0.01,,
165.216,1.0906,0.01,,
165.416,1.0906,0.01,,
165.616,1.0373999999999999,0.01,,
165.817,1.1438,0,73.80428457260132,13.62781594041735
166.018,1.0373999999999999,0,,
166.218,1.0373999999999999,0,,
166.418,1.0906,0,,
166.619,1.0906,0,,
166.819,1.0906,0,74.79143740376458,13.836621075868607
167.02,1.0906,0,,
167.22,1.1438,0.01,,
167.421,1.0373999999999999,0.01,,
167.621,1.0906,0.01,,
167.826,1.0906,0.01,,
167.828,0,0,75.63359865290113,14.054948460310698
168.022,1.0373999999999999,0.02,,
168.223,1.1438,0.02,,
168.424,1.1438,0.02,,
168.625,1.0373999999999999,0.02,,
169.036,0.9576,0.02,76.6402954121586,14.29512542951852
169.226,1.0373999999999999,0.02,,
169.427,0.9576,0.02,,
169.627,0.9576,0.02,,
169.827,0.9576,0.02,77.58896703273058,14.535362620837986
170.028,0.9576,0.02,,
170.228,0.9576,0.02,,
170.429,0.9576,0.03,,
170.629,0.9576,0.04,,
170.83,0.9576,0.04,78.49511951184832,14.718063185922801
171.03,0.9576,0.04,,
171.23,0.9576,0.04,,
171.431,1.0373999999999999,0.04,,
171.633,0.9576,0.04,,
171.832,1.0373999999999999,0.04,79.24378424324095,14.882217904552817
172.032,0.9576,0.04,,
172.233,1.0373999999999999,0.04,,
172.436,1.0373999999999999,0.05,,
172.634,1.0373999999999999,0.05,,
172.835,1.0373999999999999,0.05,80.0441216272302,15.073874644003808
173.037,1.0373999999999999,0.05,,
173.236,1.0906,0.05,,
173.436,1.0906,0.05,,
173.637,1.0373999999999999,0.05,,
173.837,1.0373999999999999,0.05,80.97295283060521,15.293707217089832
174.038,0.9576,0.05,,
174.238,1.0906,0.05,,
174.439,1.0373999999999999,0.05,,
174.639,1.0906,0.05,,
174.84,1.0906,0.04,81.89111018925905,15.49692665040493
175.041,1.0373999999999999,0.04,,
175.241,1.0373999999999999,0.04,,
175.441,1.0373999999999999,0.04,,
175.643,1.0906,0.04,,
175.85,1.0906,0.05,82.83767455420457,15.68822231143713
176.043,1.0906,0.04,,
176.243,1.0906,0.04,,
176.444,1.1438,0.04,,
176.644,1.0906,0.04,,
176.845,1.0906,0.04,83.85959009057842,15.886569930240512
177.045,1.0906,0.04,,
177.246,1.0373999999999999,0.03,,
177.446,1.0906,0.02,,
177.649,1.0373999999999999,0.02,,
177.847,1.0373999999999999,0.01,84.87385580921546,16.098747115582228
178.048,1.0373999999999999,0.01,,
178.249,1.0373999999999999,0.01,,
178.449,1.0373999999999999,0.01,,
178.65,1.0373999999999999,0,,
178.851,1.0373999999999999,0,85.79033306217752,16.309256250038743
179.076,1.0906,0,,
179.251,1.0906,0,,
179.452,1.0906,6.27,,
179.653,1.0906,6.27,,
179.854,1.0373999999999999,6.27,86.80047573638149,16.524801421910524
180.054,1.0373999999999999,6.27,,
180.255,1.0906,0,,
180.455,1.0373999999999999,0,,
180.655,1.0906,0,,
180.856,1.0906,0,87.77065086225048,16.715302682481706
181.056,1.0906,0,,
181.255,1.0373999999999999,0,,
181.456,1.0373999999999999,0,,
181.656,0.9576,0,,
181.875,1.0906,0,88.66252193925902,16.877681464888155
182.057,1.0373999999999999,0,,
182.258,1.0906,0,,
182.459,1.0906,0.01,,
182.659,1.0373999999999999,0.01,,
182.86,0.9576,0.01,89.59167951438576,17.047694634646177
183.061,0.9576,0.01,,
183.262,1.0373999999999999,0.01,,
183.461,1.0373999999999999,0.01,,
183.663,1.0373999999999999,0.01,,
183.863,1.0373999999999999,0.01,90.49516583513469,17.19356001727283
184.062,1.0906,0.01,,
184.263,0.9576,0.02,,
184.463,1.0373999999999999,0.03,,
184.664,1.0906,0.05,,
184.865,0.9576,0.08,91.35951880086213,17.334963899105787
185.265,1.0373999999999999,0.14,,
185.466,1.0373999999999999,0.17,,
185.666,0.9576,0.19,,
185.867,0.9576,0.22,92.25488862395287,17.47248200327158
186.068,0.9044,0.24,,
186.268,0.9044,0.27,,
186.47,0.9576,0.29,,
186.669,0.9576,0.32,,
186.87,1.0373999999999999,0.34,93.09576016035862,17.59959843195975
187.071,1.0373999999999999,0.36,,
187.271,1.0906,0.37,,
187.471,0.9576,0.39,,
187.671,1.0373999999999999,0.4,,
187.872,0.9576,0.41000000000000003,94.02609714353457,17.749973765574396
188.072,0.9576,0.43,,
188.273,1.0373999999999999,0.45,,
188.473,1.0373999999999999,0.47000000000000003,,
188.674,1.0373999999999999,0.49,,
188.875,0.9576,0.51,94.93085620854981,17.924199706874788
189.075,0.9576,0.54,,
189.275,0.9044,0.56,,
189.476,0.9044,0.58,,
189.677,0.9044,0.59,,
189.878,0.9044,0.59,95.76796986116096,18.106343491002917
190.078,0.9044,0.6,,
190.278,0.8512,0.61,,
190.479,0.9044,0.63,,
190.679,0.8512,0.65,,
190.88,0.9044,0.67,96.5061832300853,18.286802590824664
191.087,0.9044,0.6900000000000001,,
191.281,0.9044,0.7000000000000001,,
191.481,0.9576,0.71,,
191.682,0.9044,0.73,,
191.883,0.9576,0.74,97.15968759241514,18.466928718611598
192.084,0.9044,0.75,,
192.284,0.9576,0.77,,
192.685,0.9044,0.8,,
192.885,0.9576,0.8200000000000001,97.8932564042043,18.68206030409783
193.086,0.9044,0.8300000000000001,,
193.287,1.0373999999999999,0.85,,
193.487,1.0373999999999999,0.86,,
193.688,1.0906,0.88,,
194.089,0.9576,0.92,98.40593182202429,18.834285968914628
194.289,0.9044,0.9400000000000001,,
194.489,0.9044,0.96,,
194.689,0.9044,0.97,,
194.89,0.9576,0.99,98.9482159265317,18.99357581883669
195.09,0.9576,1.01,,
195.292,0.9576,1.02,,
195.491,0.9576,1.03,,
195.692,0.9576,1.05,,
195.892,0.8512,1.07,99.65899856435135,19.22528536338359
196.093,0.9044,1.09,,
196.293,0.9576,1.11,,
196.494,0.9044,1.13,,
196.716,0.9576,1.1400000000000001,,
196.812,0,0,100.29331815498881,19.449926612898707
196.896,0.9576,1.16,,
197.096,0.9576,1.18,,
197.296,0.9576,1.2,,
197.497,0.9576,1.22,,
197.698,0.9044,1.23,,
197.898,0.9576,1.25,100.82610311731696,19.67947248276323
198.099,0.9044,1.26,,
198.299,0.9576,1.27,,
198.5,1.0373999999999999,1.28,,
198.7,1.1438,1.29,,
198.9,1.0906,1.31,101.25112700276077,19.89737514592707
199.102,1.1438,1.32,,
199.301,1.0906,1.34,,
199.501,0.9576,1.3599999999999999,,
199.703,1.0373999999999999,1.38,,
199.902,0.9576,1.4,101.68871461949311,20.123690959066153
200.103,0.9576,1.42,,
200.303,0.9576,1.44,,
200.504,1.0373999999999999,1.44,,
200.704,1.0373999999999999,1.47,,
200.905,1.0373999999999999,1.48,102.16808262537234,20.381705917418003
201.106,0.9576,1.48,,
201.308,1.0906,1.49,,
201.507,1.0373999999999999,1.49,,
201.708,1.0906,1.49,,
201.909,1.0906,1.49,102.64313623355702,20.653599488548934
202.109,1.0373999999999999,1.49,,
202.309,1.0906,1.5,,
202.51,1.0906,1.5,,
202.713,1.0373999999999999,1.51,,
202.85,0,0,103.02773619280197,20.911362037062645
202.925,1.0373999999999999,1.51,,
203.112,1.0906,1.52,,
203.313,1.0906,1.53,,
203.512,1.0373999999999999,1.54,,
203.713,1.1438,1.55,,
203.82,0,0,103.36772999237292,21.154525846242905
203.913,1.0906,1.56,,
204.114,1.0373999999999999,1.57,,
204.314,1.0906,1.57,,
204.513,1.0373999999999999,1.58,,
204.714,1.0906,1.58,,
204.914,1.0906,1.58,103.66200922173448,21.412101483903825
205.115,1.0906,1.5899999999999999,,
205.315,1.0906,1.5899999999999999,,
205.517,1.0373999999999999,1.5899999999999999,,
205.716,1.0373999999999999,1.5899999999999999,,
205.917,1.0373999999999999,1.5899999999999999,103.93916642013937,21.685881350189447
206.118,1.0373999999999999,1.5899999999999999,,
206.318,1.0373999999999999,1.6,,
206.519,0.9044,1.6,,
206.719,0.9576,1.6099999999999999,,
206.919,0.9576,1.6099999999999999,104.13578666630201,21.92670587450266
207.12,0.8512,1.6099999999999999,,
207.32,0.8512,1.6099999999999999,,
207.52,0.8512,1.62,,
207.721,0.9044,1.63,,
207.921,0.9044,1.6400000000000001,104.28125934884883,22.137750463560224
208.122,0.9044,1.65,,
208.322,0.9044,1.6600000000000001,,
208.523,0.9044,1.67,,
208.725,0.8512,1.67,,
208.925,0.9044,1.67,104.41442143218592,22.33444324787706
209.124,0.9044,1.67,,
209.33,0.9576,1.6800000000000002,,
209.525,0.9576,1.69,,
209.726,0.9576,1.7000000000000002,,
209.848,0,0,104.4835284166038,22.39762879628688
209.926,0.9576,1.7000000000000002,,
210.13,1.0373999999999999,1.72,,
210.327,0.9576,1.73,,
210.528,0.9576,1.74,,
210.728,0.9576,1.75,,
210.818,0,0,104.81625990895554,22.527092563919723
210.928,1.0373999999999999,1.76,,
211.13,0.9576,1.77,,
211.33,1.0373999999999999,1.78,,
211.533,1.0373999999999999,1.79,,
211.731,1.0373999999999999,1.79,,
211.931,1.0373999999999999,1.79,105.01934351446107,22.715672666206956
212.133,0.9576,1.79,,
212.332,1.0906,1.79,,
212.533,1.0373999999999999,1.79,,
212.733,1.1438,1.8,,
212.938,1.1438,1.8,105.41251931595616,22.945906803943217
213.134,1.0906,1.8,,
213.334,1.0906,1.8,,
213.535,1.0373999999999999,1.8,,
213.735,1.0373999999999999,1.8,,
213.936,1.0373999999999999,1.79,105.82186018582433,23.21249140612781
214.136,1.0906,1.79,,
214.337,1.0373999999999999,1.78,,
214.537,1.0373999999999999,1.77,,
214.738,1.0906,1.77,,
214.939,0.9576,1.76,106.21266147634014,23.501430535688996
215.139,1.0373999999999999,1.75,,
215.34,1.0373999999999999,1.73,,
215.541,0.9576,1.72,,
215.741,1.0373999999999999,1.71,,
215.814,0,0,106.55457947938703,23.80884907580912
215.942,0.9044,1.71,,
216.143,1.0373999999999999,1.7000000000000002,,
216.343,1.0373999999999999,1.69,,
216.544,1.0373999999999999,1.6800000000000002,,
216.743,1.0373999999999999,1.6800000000000002,,
216.806,0,0,106.85202425927855,24.11561299394816
216.944,0.9576,1.67,,
217.145,1.0373999999999999,1.6600000000000001,,
217.345,1.0906,1.65,,
217.548,1.0373999999999999,1.65,,
217.746,1.0373999999999999,1.6400000000000001,,
217.807,0,0,107.15427448041737,24.41604818496853
217.946,1.0906,1.63,,
218.146,1.0906,1.63,,
218.347,1.0906,1.63,,
218.547,1.0906,1.63,,
218.747,1.0906,1.63,,
219.148,1.1438,1.62,107.31668406492099,24.679454936645925
219.349,1.1438,1.62,,
219.549,1.0906,1.6099999999999999,,
219.75,1.1438,1.6,,
219.951,1.0906,1.6,107.40530219580978,24.94840365462005
220.154,1.0906,1.5899999999999999,,
220.353,1.1438,1.58,,
220.553,1.0373999999999999,1.58,,
220.754,1.1438,1.57,,
220.955,1.0373999999999999,1.57,107.69217801466584,25.238099257461727
221.155,1.0906,1.57,,
221.355,1.0373999999999999,1.57,,
221.556,1.0906,1.56,,
221.757,1.0373999999999999,1.56,,
221.815,0,0,108.18656102614477,25.513251017779112
221.956,1.0373999999999999,1.55,,
222.157,1.0373999999999999,1.55,,
222.357,1.0373999999999999,1.54,,
222.558,1.0373999999999999,1.54,,
222.759,0.9576,1.53,,
222.819,0,0,108.9050548907835,25.817986988462508
222.96,0.9576,1.53,,
223.159,1.0373999999999999,1.53,,
223.358,1.0906,1.52,,
223.559,1.0373999999999999,1.53,,
223.76,0.9576,1.53,,
223.82,0,0,109.56839255685918,26.1006548833102
223.96,1.0906,1.53,,
224.16,1.0906,1.53,,
224.361,1.1438,1.54,,
224.561,1.0906,1.54,,
224.762,1.1438,1.54,,
224.813,0,0,110.20204439410008,26.39111402630806
224.963,1.1438,1.54,,
225.164,1.0906,1.54,,
225.364,1.0906,1.54,,
225.565,1.0906,1.55,,
225.765,1.1438,1.55,,
225.966,1.1969999999999998,1.55,110.79138381779194,26.709262444637716
226.166,1.1969999999999998,1.55,,
226.366,1.1969999999999998,1.55,,
226.567,1.1438,1.55,,
226.767,1.1969999999999998,1.55,,
226.968,1.1438,1.55,111.22521534701809,27.019636006094515
227.167,1.1438,1.55,,
227.368,1.0906,1.55,,
227.568,1.0906,1.55,,
227.769,1.0373999999999999,1.56,,
227.97,1.0373999999999999,1.56,111.55995184974745,27.309808740392327
228.17,1.1438,1.57,,
228.371,1.0906,1.57,,
228.572,1.0906,1.58,,
228.771,1.0906,1.5899999999999999,,
228.823,0,0,111.84712958824821,27.56431153509766
228.972,1.0906,1.5899999999999999,,
229.175,1.0373999999999999,1.6,,
229.373,1.0906,1.6,,
229.573,1.0906,1.6099999999999999,,
229.774,1.0373999999999999,1.6099999999999999,,
229.818,0,0,112.21892056171782,27.824402873404324
229.974,1.0906,1.6099999999999999,,
230.175,1.0373999999999999,1.62,,
230.375,1.0373999999999999,1.63,,
230.584,1.0906,1.65,,
230.776,1.0373999999999999,1.6600000000000001,,
230.816,0,0,112.70585383614525,28.107674347236753
230.977,1.0373999999999999,1.67,,
231.178,1.0373999999999999,1.69,,
231.377,1.0373999999999999,1.7000000000000002,,
231.578,1.0373999999999999,1.72,,
231.778,0.9576,1.74,,
231.813,0,0,113.30649000965059,28.38164900895208
231.979,1.0373999999999999,1.76,,
232.179,1.0906,1.79,,
232.38,1.0906,1.82,,
232.58,1.0906,1.85,,
232.781,1.0906,1.87,,
232.981,1.0906,1.9,113.82825737050734,28.6638336610049
233.182,1.1438,1.92,,
233.382,1.1438,1.9300000000000002,,
233.583,1.0906,1.94,,
233.783,1.0906,1.9500000000000002,,
233.984,1.0373999999999999,1.96,114.23473736457527,28.957349134609103
234.184,1.0906,1.96,,
234.385,1.0906,1.97,,
234.585,1.0373999999999999,1.96,,
234.786,1.0373999999999999,1.9500000000000002,,
234.825,0,0,114.36313327774405,29.208600754849613
234.986,1.0373999999999999,1.94,,
235.187,0.9044,1.9300000000000002,,
235.387,0.9044,1.92,,
235.588,0.7979999999999999,1.9100000000000001,,
235.788,0.7979999999999999,1.9,,
235.826,0,0,114.32376939989626,29.413270166143775
235.989,0.7979999999999999,1.8900000000000001,,
236.189,0.8512,1.87,,
236.39,0.8512,1.87,,
236.59,0.8512,1.85,,
236.791,0.8512,1.85,,
236.823,0,0,114.22558639920317,29.56336158234626
236.991,0.7447999999999999,1.8399999999999999,,
237.192,0.7447999999999999,1.83,,
237.393,0.5586,1.83,,
237.594,0.6118,1.82,,
237.795,0.5586,1.82,,
237.832,0,0,114.11801765509881,29.705772348679602
237.996,0.5054,1.81,,
238.196,0.5054,1.8,,
238.396,0.5054,1.8,,
238.597,0.3458,1.79,,
238.797,0.39899999999999997,1.79,,
238.823,0,0,114.00690017780289,29.820017747581005
238.998,0.39899999999999997,1.79,,
239.198,0.39899999999999997,1.78,,
239.4,0.5586,1.78,,
239.599,0.6118,1.77,,
239.8,0.6916,1.76,,
240,0.7979999999999999,1.76,113.84105876483954,29.861917407251894
240.201,0.7979999999999999,1.75,,
240.401,0.7979999999999999,1.74,,
240.6,0.9044,1.73,,
240.801,0.9044,1.73,,
240.827,0,0,113.79916180553846,29.961411123163998
241.001,0.9044,1.72,,
241.203,0.9044,1.71,,
241.403,0.9044,1.7000000000000002,,
241.603,0.9576,1.7000000000000002,,
241.804,0.9576,1.69,,
241.827,0,0,113.80370557261631,30.120786376297474
242.004,0.9576,1.69,,
242.205,1.1438,1.6800000000000002,,
242.406,1.0906,1.6800000000000002,,
242.606,1.0906,1.67,,
242.809,1.1969999999999998,1.67,,
242.827,0,0,113.83606682205573,30.31919839605689
243.007,1.1969999999999998,1.67,,
243.207,1.2502,1.6600000000000001,,
243.409,1.3299999999999998,1.65,,
243.61,1.1969999999999998,1.6400000000000001,,
243.816,1.2502,1.63,,
243.821,0,0,114.04411876318045,30.558824158273637
244.01,1.3299999999999998,1.63,,
244.211,1.3832,1.62,,
244.412,1.4895999999999998,1.6099999999999999,,
244.612,1.4895999999999998,1.6,,
244.822,1.5959999999999999,1.5899999999999999,,
244.827,0,0,114.28975674626417,30.824145342223346
245.013,1.5959999999999999,1.5899999999999999,,
245.212,1.7289999999999999,1.5899999999999999,,
245.613,1.7289999999999999,1.5899999999999999,,
245.817,1.7289999999999999,1.58,,
245.821,0,0,114.59854063973762,31.16399374511093
246.014,1.7289999999999999,1.58,,
246.215,1.7289999999999999,1.58,,
246.416,1.6758,1.58,,
246.617,1.6758,1.57,,
246.82,1.6758,1.57,114.8413004281465,31.528926722705364
247.018,1.5959999999999999,1.57,,
247.219,1.5959999999999999,1.57,,
247.418,1.4895999999999998,1.58,,
247.619,1.4895999999999998,1.58,,
247.823,1.4364,1.5899999999999999,,
247.825,0,0,114.94531301013194,31.847247536294162
248.02,1.4895999999999998,1.5899999999999999,,
248.222,1.4364,1.5899999999999999,,
248.421,1.4364,1.5899999999999999,,
248.621,1.3299999999999998,1.5899999999999999,,
248.823,1.3832,1.58,115.0035366283264,32.141581024974585
249.022,1.2502,1.56,,
249.222,1.2502,1.55,,
249.423,1.2502,1.53,,
249.623,1.2502,1.52,,
249.826,1.2502,1.51,115.0331552058924,32.400294760242105
250.024,1.3299999999999998,1.51,,
250.225,1.3299999999999998,1.49,,
250.425,1.3832,1.49,,
250.626,1.2502,1.5,,
250.827,1.3299999999999998,1.5,115.15827060281299,32.680299575440586
251.027,1.3299999999999998,1.51,,
251.227,1.3299999999999998,1.51,,
251.427,1.3299999999999998,1.51,,
251.628,1.3832,1.53,,
251.83,1.3832,1.54,115.31149054830894,32.98357478529215
252.029,1.3832,1.56,,
252.229,1.2502,1.58,,
252.43,1.3299999999999998,1.6,,
252.63,1.2502,1.62,,
252.833,1.3299999999999998,1.6400000000000001,115.53915045084432,33.288174560293555
253.031,1.3299999999999998,1.65,,
253.232,1.3299999999999998,1.65,,
253.432,1.1969999999999998,1.6400000000000001,,
253.633,1.1969999999999998,1.63,,
253.834,1.1438,1.6099999999999999,115.77214086614549,33.584167536348104
254.034,1.1438,1.5899999999999999,,
254.435,1.2502,1.56,,
254.635,1.1969999999999998,1.55,,
254.836,1.3299999999999998,1.53,116.04659316828474,33.884199503809214
255.037,1.2502,1.52,,
255.237,1.3832,1.51,,
255.438,1.3299999999999998,1.5,,
255.644,1.3299999999999998,1.5,,
255.839,1.3299999999999998,1.49,116.30952563369647,34.19549037422985
256.039,1.3299999999999998,1.49,,
256.24,1.3832,1.48,,
256.44,1.3832,1.47,,
256.64,1.3832,1.47,,
256.841,1.4364,1.47,116.52812383929268,34.49584341607988
257.043,1.3832,1.47,,
257.241,1.3299999999999998,1.47,,
257.442,1.2502,1.47,,
257.642,1.1969999999999998,1.47,,
257.849,1.1969999999999998,1.47,116.82882126094773,34.78849105536938
258.043,1.2502,1.47,,
258.244,1.2502,1.47,,
258.444,1.1969999999999998,1.46,,
258.646,1.1969999999999998,1.46,,
258.846,1.1438,1.46,117.17346363840625,35.05504348594695
259.047,1.1438,1.46,,
259.247,1.1438,1.46,,
259.447,1.1438,1.46,,
259.65,1.0906,1.46,,
259.849,1.1969999999999998,1.47,117.5721778916195,35.275764456018806
260.05,1.1969999999999998,1.48,,
260.25,1.1969999999999998,1.49,,
260.45,1.3299999999999998,1.5,,
260.651,1.3299999999999998,1.51,,
260.852,1.3299999999999998,1.52,118.18191722640768,35.54896197654307
261.052,1.3299999999999998,1.54,,
261.252,1.2502,1.54,,
261.453,1.2502,1.55,,
261.656,1.3299999999999998,1.56,,
261.855,1.3299999999999998,1.57,118.88829295686446,35.857866999693215
262.055,1.3299999999999998,1.58,,
262.255,1.2502,1.5899999999999999,,
262.456,1.3299999999999998,1.6,,
262.657,1.3299999999999998,1.6,,
262.857,1.3832,1.6099999999999999,119.6063644378446,36.16443009953946
263.261,1.3832,1.6400000000000001,,
263.457,1.3299999999999998,1.6400000000000001,,
263.658,1.3832,1.65,,
263.858,1.3299999999999998,1.65,120.24915577261709,36.47331376187503
264.058,1.3299999999999998,1.65,,
264.259,1.3832,1.6600000000000001,,
264.461,1.2502,1.6600000000000001,,
264.661,1.3299999999999998,1.6600000000000001,,
264.861,1.2502,1.6600000000000001,120.79328770376742,36.74074619822204
265.062,1.3299999999999998,1.65,,
265.263,1.2502,1.65,,
265.463,1.3832,1.6400000000000001,,
265.664,1.1969999999999998,1.6400000000000001,,
265.864,1.0906,1.6400000000000001,121.34653654135764,37.0412265593186
266.066,1.0906,1.6400000000000001,,
266.265,1.1438,1.6400000000000001,,
266.466,1.1969999999999998,1.6400000000000001,,
266.666,1.3832,1.6400000000000001,,
266.867,1.2502,1.6400000000000001,121.82787470635958,37.33424871601164
267.067,1.1438,1.6400000000000001,,
267.268,1.0906,1.6400000000000001,,
267.468,0.9576,1.6400000000000001,,
267.669,0.9576,1.63,,
267.868,1.0906,1.63,122.29602227616124,37.56833512801677
268.069,1.3832,1.62,,
268.269,1.5428,1.62,,
268.47,1.5428,1.62,,
268.67,1.4895999999999998,1.62,,
268.871,1.5428,1.6099999999999999,122.70200010039844,37.76722146384418
269.071,1.5428,1.6099999999999999,,
269.272,1.5959999999999999,1.6099999999999999,,
269.472,1.5428,1.6099999999999999,,
269.673,1.5959999999999999,1.6099999999999999,,
269.874,1.5428,1.6099999999999999,122.99114937661216,37.97444518189877
270.075,1.5959999999999999,1.6099999999999999,,
270.275,1.5428,1.6099999999999999,,
270.677,1.5959999999999999,1.6099999999999999,,
270.877,1.5428,1.6099999999999999,123.34968266659416,38.306573760695755
271.078,1.5428,1.6099999999999999,,
271.278,1.5959999999999999,1.6099999999999999,,
271.48,1.5428,1.6099999999999999,,
271.68,1.5428,1.6099999999999999,,
271.881,1.5959999999999999,1.62,123.67988265259191,38.68902752920985
272.079,1.6758,1.62,,
272.28,1.5959999999999999,1.62,,
272.48,1.6758,1.63,,
272.681,1.5959999999999999,1.63,,
272.881,1.5959999999999999,1.63,123.86505997763015,39.03757611941546
273.082,1.5959999999999999,1.63,,
273.284,1.5959999999999999,1.6400000000000001,,
273.483,1.5959999999999999,1.6400000000000001,,
273.684,1.5959999999999999,1.6400000000000001,,
273.884,1.5959999999999999,1.6400000000000001,124.05837203655392,39.40407305769622
274.085,1.5959999999999999,1.6400000000000001,,
274.284,1.5959999999999999,1.6400000000000001,,
274.487,1.5959999999999999,1.6400000000000001,,
274.686,1.5959999999999999,1.6400000000000001,,
274.817,0,0,124.29582036100328,39.81624791491777
274.886,1.6758,1.63,,
275.087,1.5959999999999999,1.63,,
275.287,1.5959999999999999,1.63,,
275.488,1.5959999999999999,1.6400000000000001,,
275.688,1.5428,1.6400000000000001,,
275.89,1.5959999999999999,1.6400000000000001,124.48939769924618,40.21063484530896
276.09,1.5428,1.6400000000000001,,
276.29,1.5428,1.6400000000000001,,
276.491,1.5428,1.6400000000000001,,
276.691,1.4895999999999998,1.6400000000000001,,
276.892,1.5428,1.6400000000000001,124.61944018350914,40.575744529254735
277.092,1.5428,1.6400000000000001,,
277.293,1.5428,1.6400000000000001,,
277.498,1.5428,1.6400000000000001,,
277.693,1.5428,1.65,,
277.894,1.5428,1.65,124.82398433843628,40.94675103202462
278.094,1.5428,1.6400000000000001,,
278.295,1.4895999999999998,1.6400000000000001,,
278.495,1.4895999999999998,1.65,,
278.697,1.4895999999999998,1.65,,
278.896,1.4364,1.65,125.26311170402914,41.369667092338204
279.097,1.4364,1.65,,
279.303,1.4895999999999998,1.65,,
279.498,1.4364,1.65,,
279.698,1.4364,1.65,,
279.899,1.4895999999999998,1.65,125.85999808739871,41.81479089707136
280.099,1.4364,1.65,,
280.3,1.4364,1.65,,
280.5,1.4895999999999998,1.6600000000000001,,
280.704,1.3832,1.6600000000000001,,
280.828,0,0,126.33021941687912,42.21896544843912
280.902,1.4364,1.6600000000000001,,
281.102,1.4364,1.6600000000000001,,
281.302,1.3832,1.65,,
281.503,1.4364,1.65,,
281.703,1.4364,1.65,,
281.904,1.4364,1.65,126.5931095497217,42.56431788671762
282.105,1.4364,1.65,,
282.305,1.4364,1.65,,
282.506,1.4895999999999998,1.65,,
282.707,1.4895999999999998,1.65,,
282.908,1.4895999999999998,1.65,126.72623695223592,42.88216100167483
283.108,1.4364,1.6600000000000001,,
283.309,1.4895999999999998,1.6600000000000001,,
283.509,1.4895999999999998,1.6600000000000001,,
283.709,1.4895999999999998,1.6600000000000001,,
283.909,1.4364,1.67,126.86938920873217,43.20975187700242
284.11,1.4895999999999998,1.6800000000000002,,
284.311,1.4364,1.6800000000000002,,
284.511,1.4364,1.6800000000000002,,
284.711,1.4364,1.6800000000000002,,
284.913,1.4364,1.6800000000000002,127.09808413637802,43.55825902055949
285.112,1.4364,1.6800000000000002,,
285.312,1.4895999999999998,1.6800000000000002,,
285.513,1.4364,1.67,,
285.713,1.4895999999999998,1.67,,
285.914,1.5428,1.67,127.36002882570028,43.90771291870624
286.115,1.4364,1.67,,
286.316,1.4895999999999998,1.67,,
286.516,1.4895999999999998,1.67,,
286.717,1.4895999999999998,1.6600000000000001,,
286.917,1.5428,1.6600000000000001,127.65540848765522,44.27183054666966
287.118,1.4895999999999998,1.6600000000000001,,
287.318,1.4895999999999998,1.67,,
287.519,1.4895999999999998,1.67,,
287.719,1.4364,1.67,,
287.821,0,0,128.00291418517008,44.65180127881467
287.92,1.5428,1.67,,
288.32,1.4364,1.67,,
288.52,1.4364,1.67,,
288.721,1.4895999999999998,1.67,,
288.816,0,0,128.36591153545305,44.99360028933734
288.921,1.4364,1.6600000000000001,,
289.122,1.4364,1.6600000000000001,,
289.322,1.4364,1.6600000000000001,,
289.525,1.4364,1.6600000000000001,,
289.724,1.3832,1.6600000000000001,,
289.925,1.3832,1.6600000000000001,128.76146399462596,45.30547859240323
290.125,1.3832,1.6600000000000001,,
290.326,1.3832,1.65,,
290.526,1.4364,1.65,,
290.727,1.4364,1.65,,
290.929,1.3832,1.65,129.1348167117685,45.6362304193899
291.128,1.4364,1.65,,
291.328,1.4364,1.65,,
291.529,1.3832,1.65,,
291.729,1.3832,1.65,,
291.931,1.4364,1.65,129.52436786168255,45.99350661505014
292.13,1.3832,1.65,,
292.331,1.4364,1.65,,
292.53,1.4895999999999998,1.65,,
292.731,1.3832,1.65,,
292.931,1.4364,1.65,129.87208945397288,46.34833893366158
293.132,1.4364,1.65,,
293.332,1.3832,1.65,,
293.533,1.4895999999999998,1.65,,
293.733,1.4364,1.65,,
293.828,0,0,130.20512870675884,46.694269706495106
293.934,1.4364,1.65,,
294.135,1.3832,1.6600000000000001,,
294.336,1.4364,1.6600000000000001,,
294.535,1.4364,1.6600000000000001,,
294.736,1.3832,1.67,,
294.835,0,0,130.44843754475005,46.98905148077756
294.936,1.4364,1.67,,
295.136,1.4364,1.67,,
295.337,1.4364,1.6800000000000002,,
295.739,1.3832,1.6800000000000002,,
295.938,1.4364,1.6800000000000002,130.5295122594107,47.2471602037549
296.139,1.4364,1.67,,
296.339,1.3299999999999998,1.67,,
296.54,1.3832,1.67,,
296.74,1.3299999999999998,1.67,,
296.942,1.3832,1.6600000000000001,130.75433992035687,47.53984182048589
297.141,1.3832,1.6600000000000001,,
297.342,1.3832,1.6600000000000001,,
297.542,1.3832,1.6600000000000001,,
297.743,1.3832,1.65,,
297.943,1.3832,1.65,131.14137389394455,47.85479637328535
298.144,1.4364,1.65,,
298.345,1.3832,1.6400000000000001,,
298.546,1.3832,1.65,,
298.746,1.3299999999999998,1.65,,
298.946,1.3832,1.6400000000000001,131.6571450708434,48.18718846794218
299.147,1.3832,1.6400000000000001,,
299.348,1.3832,1.63,,
299.548,1.3299999999999998,1.63,,
299.747,1.2502,1.63,,
299.823,0,0,132.30116804665886,48.58752569742501
299.948,1.1969999999999998,1.63,,
300.148,1.0373999999999999,1.63,,
300.349,0.9576,1.62,,
300.55,0.9044,1.62,,
300.75,0.9576,1.63,,
300.824,0,0,132.7845661304891,48.934527702629566
300.951,0.9044,1.63,,
301.151,0.8512,1.63,,
301.352,0.9044,1.63,,
301.553,0.9576,1.63,,
301.753,0.9576,1.63,,
301.83,0,0,133.1072131472174,49.19002073537558
301.954,0.9576,1.63,,
302.154,1.0373999999999999,1.63,,
302.355,1.1438,1.62,,
302.555,1.0906,1.62,,
302.756,1.0906,1.62,,
302.956,1.1438,1.62,133.40044315950945,49.4279379863292
303.157,1.1438,1.62,,
303.358,1.1438,1.62,,
303.559,1.1438,1.62,,
303.759,1.1969999999999998,1.62,,
303.959,1.1969999999999998,1.63,133.8602457451634,49.75630740262568
304.16,1.1438,1.6400000000000001,,
304.561,1.1438,1.69,,
304.761,1.1438,1.72,,
304.962,1.1438,1.75,134.36841603182256,50.073274292983115
305.162,1.0906,1.78,,
305.362,1.1438,1.81,,
305.562,1.0906,1.85,,
305.77,1.0906,1.88,,
305.824,0,0,134.61396342678927,50.348662215285
305.964,1.0906,1.9100000000000001,,
306.164,1.1438,1.9500000000000002,,
306.365,1.1969999999999998,1.98,,
306.565,1.1438,2.02,,
306.765,1.0906,2.05,,
306.824,0,0,134.7141329133883,50.62556834798306
306.966,1.1438,2.08,,
307.167,1.0906,2.11,,
307.367,1.0906,2.13,,
307.568,1.0906,2.14,,
307.769,1.1969999999999998,2.15,,
307.824,0,0,134.60879364726134,50.85510730370879
307.969,1.1969999999999998,2.16,,
308.17,1.2502,2.16,,
308.37,1.3299999999999998,2.16,,
308.571,1.2502,2.15,,
308.771,1.3299999999999998,2.15,,
308.975,1.4364,2.15,134.51425759284757,51.08617687597871
309.173,1.4364,2.14,,
309.372,1.3832,2.14,,
309.573,1.3832,2.13,,
309.774,1.3299999999999998,2.12,,
309.975,1.3299999999999998,2.11,134.09230031818151,51.30511466413736
310.174,1.3832,2.11,,
310.374,1.3832,2.11,,
310.575,1.3299999999999998,2.1,,
310.775,1.3832,2.1,,
310.975,1.3832,2.11,133.6621125380043,51.51136005949229
311.176,1.4364,2.11,,
311.376,1.3832,2.12,,
311.577,1.3299999999999998,2.14,,
311.778,1.3299999999999998,2.16,,
311.979,1.3299999999999998,2.18,133.28325774078257,51.67881748173386
312.18,1.3299999999999998,2.2,,
312.38,1.2502,2.23,,
312.581,1.2502,2.26,,
312.782,1.1438,2.29,,
312.827,0,0,132.90234221238643,51.903617328964174
312.982,1.1969999999999998,2.32,,
313.188,1.1438,2.35,,
313.383,1.1438,2.38,,
313.583,1.1438,2.41,,
313.783,1.1438,2.44,,
313.819,0,0,132.30397800751962,52.09413194656372
313.984,1.1969999999999998,2.48,,
314.205,1.1438,2.51,,
314.384,1.1438,2.54,,
314.587,1.1438,2.5700000000000003,,
314.785,1.1438,2.59,,
314.818,0,0,131.61460510268807,52.22936403565109
314.986,1.1438,2.62,,
315.186,1.1438,2.65,,
315.386,1.1969999999999998,2.68,,
315.587,1.1438,2.71,,
315.787,1.1438,2.74,,
315.83,0,0,130.76023762812838,52.29633907880634
315.99,1.1438,2.77,,
316.189,1.0906,2.79,,
316.39,1.0906,2.8200000000000003,,
316.59,1.0906,2.84,,
316.79,1.0906,2.86,,
316.817,0,0,129.86491219163872,52.31836804654449
316.991,1.1438,2.88,,
317.191,1.0906,2.89,,
317.392,1.0906,2.88,,
317.592,1.0373999999999999,2.88,,
317.792,0.9576,2.88,,
317.994,0.9044,2.88,128.85019559506327,52.282411033287644
318.193,0.8512,2.88,,
318.395,0.7447999999999999,2.88,,
318.596,0.6118,2.88,,
318.795,0.5054,2.87,,
318.828,0,0,127.94458384299651,52.21354425419122
318.995,0.266,2.87,,
319.196,0.266,2.88,,
319.396,0.39899999999999997,2.88,,
319.597,0.5054,2.87,,
319.8,0.1064,2.87,,
319.819,0,0,127.46341252303682,52.171493485569954
319.998,0,2.87,,
320.198,0.0532,2.87,,
320.4,0.266,2.86,,
320.6,0.266,2.86,,
320.807,0.39899999999999997,2.85,,
320.818,0,0,127.28057241416536,52.15646058972925
321.001,0.4522,2.84,,
321.201,0.4522,2.84,,
321.402,0.4522,2.83,,
321.602,0.5054,2.8200000000000003,,
321.809,0.5586,2.81,,
321.812,0,0,127.00535198138095,52.11629670765251
322.204,0.5586,2.8,,
322.404,0.5586,2.81,,
322.605,0.5586,2.81,,
322.812,0.5586,2.8200000000000003,,
322.817,0,0,126.58784504584037,52.088440052233636
323.006,0.5054,2.8200000000000003,,
323.206,0.5586,2.8200000000000003,,
323.41,0.5054,2.83,,
323.607,0.39899999999999997,2.83,,
323.813,0.3458,2.83,,
323.815,0,0,126.26662228279747,52.07845738250762
324.008,0.4522,2.84,,
324.209,0.7447999999999999,2.85,,
324.409,0.6916,2.84,,
324.61,0.8512,2.85,,
324.81,0.8512,2.85,125.89045654889196,52.07452381774783
325.011,0.9044,2.86,,
325.212,0.9576,2.87,,
325.413,0.9576,2.87,,
325.613,1.0373999999999999,2.88,,
325.814,1.1438,2.89,125.24765917635523,52.036724450066686
326.015,1.0906,2.9,,
326.215,1.1969999999999998,2.92,,
326.415,1.1969999999999998,2.93,,
326.617,1.2502,2.95,,
326.82,1.3299999999999998,2.96,124.33568226406351,51.96159325167537
327.018,1.3299999999999998,2.9699999999999998,,
327.218,1.3299999999999998,2.98,,
327.419,1.2502,3,,
327.619,1.3299999999999998,3.01,,
327.822,1.3299999999999998,3.02,,
327.823,0,0,123.27786142169498,51.865802148357034
328.018,1.3299999999999998,3.03,,
328.219,1.3832,3.04,,
328.419,1.4364,3.04,,
328.62,1.4364,3.05,,
328.823,1.3832,3.05,,
328.824,0,0,122.20036758040078,51.75372149515897
329.021,1.3832,3.06,,
329.221,1.3832,3.06,,
329.623,1.3832,3.05,,
329.825,1.3832,3.05,120.99830286530778,51.61580810509622
330.024,1.4364,3.05,,
330.225,1.3299999999999998,3.05,,
330.426,1.3299999999999998,3.05,,
330.626,1.3832,3.04,,
330.839,1.3832,3.03,119.8248122446239,51.4700865149498
331.028,1.3832,3.03,,
331.229,1.3832,3.02,,
331.428,1.3832,3.01,,
331.629,1.3299999999999998,3,,
331.834,1.3832,2.99,,
331.837,0,0,118.65357287833467,51.338798712939024
332.03,1.4364,2.99,,
332.23,1.4364,2.99,,
332.431,1.3832,2.99,,
332.631,1.4364,2.98,,
332.832,1.3832,2.9699999999999998,117.5193139987532,51.22131263744086
333.031,1.3832,2.96,,
333.232,1.3832,2.95,,
333.432,1.3299999999999998,2.94,,
333.633,1.3299999999999998,2.93,,
333.834,1.3832,2.92,116.58509772759862,51.1168265203014
334.034,1.3299999999999998,2.91,,
334.235,1.3832,2.89,,
334.437,1.3299999999999998,2.86,,
334.636,1.3832,2.84,,
334.837,1.2502,2.8200000000000003,115.61525041377172,51.01204510591924
335.038,1.3299999999999998,2.79,,
335.238,1.1969999999999998,2.77,,
335.438,1.1438,2.75,,
335.639,1.1438,2.74,,
335.84,1.1438,2.73,114.56225082604215,50.89049760531634
336.04,1.0373999999999999,2.73,,
336.241,1.0373999999999999,2.7199999999999998,,
336.441,1.0373999999999999,2.7199999999999998,,
336.642,0.9044,2.7,,
336.842,0.9044,2.7,113.80586545681581,50.78405593987554
337.042,0.9044,2.69,,
337.242,0.9044,2.69,,
337.443,1.0373999999999999,2.69,,
337.643,1.0373999999999999,2.68,,
337.844,1.0906,2.68,113.20588963967748,50.68631493765861
338.044,1.0373999999999999,2.67,,
338.445,1.0906,2.65,,
338.646,1.0373999999999999,2.64,,
338.848,1.0906,2.64,112.55326269008219,50.574999270029366
339.047,1.1438,2.64,,
339.248,1.1438,2.65,,
339.449,1.0906,2.66,,
339.651,1.0906,2.66,,
339.849,1.0906,2.68,111.90166369755752,50.502785679884255
340.049,0.9576,2.69,,
340.25,1.0906,2.71,,
340.45,1.0373999999999999,2.73,,
340.651,1.0373999999999999,2.76,,
340.851,0.9576,2.79,111.25615710904822,50.51546435803175
341.052,0.9576,2.81,,
341.252,0.9576,2.84,,
341.453,1.0906,2.86,,
341.654,1.0906,2.89,,
341.854,1.1438,2.91,110.56742181954905,50.541450733318925
342.054,1.1438,2.94,,
342.255,1.1438,2.96,,
342.456,1.1438,2.99,,
342.656,1.1969999999999998,3.01,,
342.856,1.1438,3.03,109.92608433309942,50.57476312480867
343.058,1.1969999999999998,3.05,,
343.257,1.1969999999999998,3.07,,
343.458,1.1969999999999998,3.09,,
343.658,1.1969999999999998,3.11,,
343.859,1.1438,3.13,109.14851419674233,50.574756941758096
344.059,1.1969999999999998,3.14,,
344.26,1.2502,3.16,,
344.461,1.1969999999999998,3.16,,
344.661,1.2502,3.17,,
344.861,1.2502,3.18,108.13389330380596,50.53354940749705
345.062,1.1438,3.18,,
345.262,1.1969999999999998,3.18,,
345.463,1.1969999999999998,3.19,,
345.865,1.1969999999999998,3.22,107.60503942216747,50.52897233981639
346.065,1.1969999999999998,3.23,,
346.266,1.1438,3.23,,
346.465,1.2502,3.24,,
346.667,1.1969999999999998,3.23,,
346.867,1.2502,3.23,107.13831533468328,50.51136568468064
347.072,1.2502,3.23,,
347.268,1.2502,3.23,,
347.469,1.1969999999999998,3.24,,
347.67,1.2502,3.24,,
347.87,1.1969999999999998,3.24,106.27621309785172,50.43765751365572
348.07,1.1969999999999998,3.24,,
348.271,1.2502,3.24,,
348.471,1.1969999999999998,3.24,,
348.673,1.1969999999999998,3.25,,
348.874,1.2502,3.25,105.31221227254719,50.31719239521772
349.074,1.2502,3.25,,
349.275,1.2502,3.25,,
349.475,1.2502,3.25,,
349.676,1.2502,3.25,,
349.877,1.3299999999999998,3.25,104.44137937854975,50.21844104398042
350.075,1.2502,3.25,,
350.275,1.3299999999999998,3.25,,
350.476,1.2502,3.25,,
350.676,1.3299999999999998,3.24,,
350.877,1.3299999999999998,3.24,103.34143602638505,50.07791953254491
351.077,1.3299999999999998,3.25,,
351.278,1.3299999999999998,3.25,,
351.479,1.3832,3.24,,
351.679,1.3832,3.24,,
351.88,1.4364,3.23,102.24092430365272,49.94470444880426
352.08,1.4364,3.23,,
352.281,1.3832,3.23,,
352.482,1.3832,3.24,,
352.682,1.4364,3.24,,
352.883,1.4895999999999998,3.24,101.2285095944535,49.81164209637791
353.086,1.5428,3.23,,
353.284,1.4895999999999998,3.23,,
353.485,1.3832,3.23,,
353.686,1.3299999999999998,3.23,,
353.886,1.3299999999999998,3.23,100.07223691605031,49.644463531672955
354.086,1.3299999999999998,3.22,,
354.291,1.3299999999999998,3.22,,
354.488,1.2502,3.23,,
354.687,1.2502,3.23,,
354.888,1.2502,3.23,98.96925463085063,49.492926460690796
355.088,1.1969999999999998,3.23,,
355.289,1.2502,3.24,,
355.489,1.2502,3.24,,
355.689,1.3299999999999998,3.24,,
355.89,1.2502,3.24,97.94549314118922,49.351011883467436
356.09,1.2502,3.25,,
356.291,1.2502,3.25,,
356.491,1.2502,3.25,,
356.692,1.3299999999999998,3.25,,
356.892,1.2502,3.25,96.93572207540274,49.216160606592894
357.093,1.3299999999999998,3.26,,
357.295,1.3299999999999998,3.26,,
357.495,1.3299999999999998,3.26,,
357.695,1.2502,3.26,,
357.896,1.3299999999999998,3.26,95.82766880723648,49.043063128367066
358.097,1.3299999999999998,3.25,,
358.297,1.2502,3.25,,
358.498,1.2502,3.25,,
358.698,1.2502,3.25,,
358.822,0,0,94.69113445631228,48.84348901268095
358.899,1.2502,3.24,,
359.099,1.2502,3.23,,
359.3,1.2502,3.23,,
359.501,1.2502,3.22,,
359.7,1.1969999999999998,3.22,,
359.901,1.1438,3.21,93.64322492410429,48.67081908136606
360.101,1.1969999999999998,3.2,,
360.301,1.1438,3.2,,
360.501,1.1969999999999998,3.2,,
360.702,1.1969999999999998,3.2,,
360.902,1.1438,3.2,92.64775649434887,48.51263514906168
361.104,1.1969999999999998,3.2,,
361.304,1.1438,3.21,,
361.504,1.1969999999999998,3.21,,
361.705,1.1438,3.21,,
362.125,1.2502,3.21,92.0145831508562,48.41372276749462
362.306,1.2502,3.22,,
362.507,1.2502,3.23,,
362.707,1.2502,3.23,,
362.908,1.2502,3.23,91.49138508364558,48.32168465014547
363.108,1.1969999999999998,3.23,,
363.312,1.1969999999999998,3.23,,
363.509,1.1969999999999998,3.23,,
363.71,1.0906,3.24,,
363.91,1.1438,3.25,90.56903480691835,48.16571896895766
364.112,1.0906,3.25,,
364.314,1.1438,3.26,,
364.513,1.1969999999999998,3.26,,
364.715,1.1969999999999998,3.26,,
364.823,0,0,89.54916136106476,48.03597790747881
364.912,1.1969999999999998,3.26,,
365.113,1.1438,3.26,,
365.314,1.2502,3.26,,
365.514,1.1438,3.26,,
365.714,1.1969999999999998,3.25,,
365.816,0,0,88.7784417651128,47.99173169396818
365.915,1.1969999999999998,3.25,,
366.115,1.2502,3.25,,
366.316,1.1969999999999998,3.25,,
366.517,1.1969999999999998,3.25,,
366.717,1.1438,3.25,,
366.918,1.1969999999999998,3.25,88.02326012868434,47.933313492685556
367.118,1.1969999999999998,3.24,,
367.319,1.2502,3.24,,
367.524,1.3299999999999998,3.25,,
367.72,1.2502,3.25,,
367.92,1.2502,3.26,87.09988090931438,47.820535000413656
368.121,1.2502,3.26,,
368.321,1.3299999999999998,3.26,,
368.522,1.3832,3.25,,
368.722,1.3299999999999998,3.26,,
368.923,1.3299999999999998,3.26,86.13256921456195,47.685395690612495
369.123,1.2502,3.27,,
369.324,1.2502,3.26,,
369.524,1.3299999999999998,3.26,,
369.725,1.3299999999999998,3.25,,
369.925,1.3299999999999998,3.25,84.99994128290564,47.507596152834594
370.126,1.2502,3.26,,
370.326,1.3299999999999998,3.25,,
370.527,1.2502,3.25,,
370.732,1.2502,3.25,,
370.819,0,0,83.95042234705761,47.35159082617611
370.928,1.2502,3.24,,
371.129,1.3299999999999998,3.24,,
371.33,1.3299999999999998,3.24,,
371.531,1.3299999999999998,3.24,,
371.731,1.3299999999999998,3.25,,
371.824,0,0,83.08912313892506,47.25504055432975
371.932,1.2502,3.25,,
372.134,1.3299999999999998,3.25,,
372.334,1.2502,3.25,,
372.535,1.3299999999999998,3.25,,
372.734,1.1969999999999998,3.25,,
372.818,0,0,82.19076602091081,47.15954576060176
372.935,1.2502,3.25,,
373.135,1.1969999999999998,3.25,,
373.336,1.2502,3.25,,
373.535,1.2502,3.24,,
373.737,1.1969999999999998,3.24,,
373.936,1.1969999999999998,3.25,81.30010232701898,47.04519201442599
374.136,1.1969999999999998,3.25,,
374.338,1.1969999999999998,3.26,,
374.537,1.1969999999999998,3.26,,
374.738,1.1969999999999998,3.26,,
374.938,1.2502,3.26,80.37211539945565,46.90400298591703
375.139,1.1438,3.26,,
375.34,1.1969999999999998,3.26,,
375.541,1.1438,3.26,,
375.741,1.1438,3.25,,
375.941,1.1969999999999998,3.25,79.34903059480712,46.70107087679207
376.143,1.2502,3.25,,
376.344,1.2502,3.25,,
376.543,1.1969999999999998,3.25,,
376.744,1.2502,3.25,,
376.944,1.2502,3.24,78.15041302307509,46.45624286681414
377.144,1.2502,3.25,,
377.347,1.3299999999999998,3.25,,
377.547,1.3299999999999998,3.25,,
377.748,1.1969999999999998,3.25,,
377.821,0,0,77.03715576068498,46.24764268193394
377.948,1.3299999999999998,3.24,,
378.347,1.1969999999999998,3.23,,
378.548,1.2502,3.22,,
378.748,1.2502,3.22,,
378.829,0,0,75.86118833045475,46.02554900664836
378.951,1.2502,3.21,,
379.15,1.1969999999999998,3.21,,
379.35,1.1969999999999998,3.2,,
379.556,1.1969999999999998,3.2,,
379.751,1.1969999999999998,3.2,,
379.952,1.1438,3.2,74.65254855691455,45.800003787502646
380.153,1.1438,3.21,,
380.353,1.1438,3.21,,
380.554,1.0373999999999999,3.21,,
380.755,1.0906,3.22,,
380.955,1.0906,3.21,73.51014595176093,45.5774896023795
381.156,1.0906,3.22,,
381.357,1.1438,3.22,,
381.557,1.1969999999999998,3.22,,
381.758,1.2502,3.22,,
381.958,1.1438,3.22,72.4092790253926,45.397416478954256
382.159,1.1969999999999998,3.22,,
382.359,1.1438,3.22,,
382.56,1.1438,3.22,,
382.76,1.0906,3.22,,
382.961,1.1438,3.23,71.38011263799854,45.22571199480444
383.161,1.0906,3.24,,
383.361,1.0906,3.24,,
383.561,1.1438,3.25,,
383.762,1.1438,3.25,,
383.825,0,0,70.42929293471389,45.07710299361497
383.962,1.1438,3.25,,
384.163,1.1438,3.26,,
384.363,1.1969999999999998,3.26,,
384.564,1.1438,3.27,,
384.764,1.1969999999999998,3.27,,
384.822,0,0,69.41621078224853,44.927579077892005
384.965,1.1969999999999998,3.27,,
385.166,1.1969999999999998,3.2800000000000002,,
385.366,1.3299999999999998,3.2800000000000002,,
385.768,1.3299999999999998,3.2800000000000002,,
385.821,0,0,68.27297364315018,44.766770641319454
385.968,1.3299999999999998,3.2800000000000002,,
386.168,1.1969999999999998,3.29,,
386.37,1.1969999999999998,3.2800000000000002,,
386.569,1.1969999999999998,3.2800000000000002,,
386.77,1.1969999999999998,3.2800000000000002,,
386.826,0,0,67.1436063295696,44.63291033450514
386.977,1.2502,3.2800000000000002,,
387.172,1.2502,3.29,,
387.372,1.2502,3.29,,
387.571,1.1969999999999998,3.29,,
387.773,1.1969999999999998,3.29,,
387.972,1.1969999999999998,3.29,65.91795472847298,44.48117738775909
388.173,1.2502,3.3,,
388.378,1.2502,3.29,,
388.574,1.3299999999999998,3.29,,
388.775,1.2502,3.29,,
388.975,1.3299999999999998,3.2800000000000002,64.67502966569737,44.32210485916585
389.176,1.3299999999999998,3.2800000000000002,,
389.376,1.3832,3.2800000000000002,,
389.577,1.2502,3.2800000000000002,,
389.778,1.2502,3.2800000000000002,,
389.818,0,0,63.50494818063453,44.132558836601675
389.978,1.3299999999999998,3.2800000000000002,,
390.178,1.2502,3.2800000000000002,,
390.38,1.2502,3.2800000000000002,,
390.579,1.3299999999999998,3.2800000000000002,,
390.779,1.2502,3.2800000000000002,,
390.822,0,0,62.17214790149592,43.874561679549515
390.981,1.2502,3.2800000000000002,,
391.181,1.2502,3.2800000000000002,,
391.381,1.2502,3.2800000000000002,,
391.582,1.2502,3.27,,
391.783,1.2502,3.27,,
391.826,0,0,60.8878728391137,43.604477329179645
391.982,1.2502,3.26,,
392.183,1.1969999999999998,3.27,,
392.385,1.1969999999999998,3.27,,
392.585,1.1969999999999998,3.27,,
392.785,1.1969999999999998,3.27,,
392.826,0,0,59.77827202226035,43.37033305410296
392.986,1.1969999999999998,3.27,,
393.187,1.2502,3.27,,
393.387,1.1969999999999998,3.27,,
393.588,1.2502,3.2800000000000002,,
393.788,1.1969999999999998,3.2800000000000002,,
393.988,1.1969999999999998,3.27,58.768510193564,43.15799989271909
394.19,1.2502,3.27,,
394.397,1.2502,3.27,,
394.59,1.1969999999999998,3.27,,
394.791,1.2502,3.27,,
394.991,1.2502,3.26,57.70124188787304,42.96768004819751
395.192,1.2502,3.26,,
395.392,1.3299999999999998,3.26,,
395.592,1.3299999999999998,3.25,,
395.795,1.3299999999999998,3.25,,
395.826,0,0,56.49806498317048,42.74747630301863
395.993,1.3299999999999998,3.24,,
396.194,1.3299999999999998,3.24,,
396.394,1.3299999999999998,3.24,,
396.595,1.3299999999999998,3.23,,
396.795,1.3299999999999998,3.23,,
396.831,0,0,55.39267016784288,42.55316791124642
396.996,1.3299999999999998,3.22,,
397.197,1.3299999999999998,3.22,,
397.397,1.3299999999999998,3.22,,
397.599,1.2502,3.22,,
397.8,1.3299999999999998,3.22,,
397.838,0,0,54.42401474411599,42.38029845431447
397.999,1.3299999999999998,3.22,,
398.2,1.2502,3.21,,
398.401,1.3299999999999998,3.21,,
398.602,1.2502,3.22,,
398.801,1.1969999999999998,3.23,,
398.83,0,0,53.49032624810934,42.22028639167547
399.001,1.2502,3.23,,
399.201,1.2502,3.24,,
399.402,1.2502,3.24,,
399.602,1.1969999999999998,3.24,,
399.803,1.1969999999999998,3.25,,
399.832,0,0,52.65977822453715,42.091962829232216
400.003,1.2502,3.25,,
400.204,1.2502,3.26,,
400.404,1.2502,3.26,,
400.605,1.3299999999999998,3.26,,
400.806,1.3299999999999998,3.26,,
401.007,1.2502,3.27,51.83187388512306,41.96184958238155
401.207,1.3299999999999998,3.27,,
401.416,1.3299999999999998,3.27,,
401.608,1.3299999999999998,3.27,,
402.009,1.3299999999999998,3.27,51.202078823931515,41.85796272754669
402.21,1.3299999999999998,3.27,,
402.41,1.3832,3.27,,
402.611,1.2502,3.27,,
402.811,1.3299999999999998,3.27,,
402.837,0,0,50.268022732576355,41.699545874260366
403.012,1.3299999999999998,3.27,,
403.213,1.3299999999999998,3.2800000000000002,,
403.414,1.3299999999999998,3.2800000000000002,,
403.613,1.2502,3.2800000000000002,,
403.821,1.2502,3.2800000000000002,,
403.832,0,0,49.0049210912548,41.48280628025532
404.014,1.3299999999999998,3.2800000000000002,,
404.214,1.3299999999999998,3.29,,
404.415,1.3299999999999998,3.3,,
404.615,1.3832,3.3,,
404.836,1.3299999999999998,3.31,,
404.841,0,0,47.525862514274195,41.1817472698167
405.016,1.3299999999999998,3.31,,
405.217,1.3299999999999998,3.32,,
405.418,1.3832,3.32,,
405.619,1.2502,3.33,,
405.824,1.3832,3.34,,
405.829,0,0,46.29838599637151,40.907243196852505
406.019,1.3299999999999998,3.34,,
406.219,1.2502,3.35,,
406.42,1.3832,3.34,,
406.62,1.3299999999999998,3.34,,
406.828,1.2502,3.34,,
406.833,0,0,45.16885201865807,40.68698088359088
407.021,1.3832,3.34,,
407.222,1.2502,3.34,,
407.422,1.3299999999999998,3.33,,
407.623,1.3299999999999998,3.32,,
407.826,1.3832,3.3,,
407.831,0,0,44.034620333928615,40.50162287428975
408.024,1.2502,3.29,,
408.224,1.3832,3.27,,
408.425,1.3299999999999998,3.26,,
408.625,1.3832,3.26,,
408.83,1.3832,3.25,,
408.836,0,0,42.91285354876891,40.30090461857617
409.026,1.4364,3.24,,
409.228,1.3832,3.24,,
409.427,1.3832,3.24,,
409.628,1.3832,3.24,,
409.833,1.3832,3.24,,
409.839,0,0,41.77719832560979,40.06363792717457
410.029,1.3832,3.24,,
410.231,1.3832,3.23,,
410.43,1.3832,3.22,,
410.831,1.3832,3.21,41.06650546868332,39.90416104067117
411.031,1.3299999999999998,3.21,,
411.232,1.3299999999999998,3.2,,
411.432,1.3299999999999998,3.2,,
411.633,1.2502,3.2,,
411.833,1.2502,3.2,40.751370121957734,39.838728331029415
412.034,1.3299999999999998,3.2,,
412.235,1.2502,3.21,,
412.435,1.2502,3.21,,
412.636,1.3299999999999998,3.21,,
412.84,1.2502,3.22,40.14624221902341,39.7052607703954
413.037,1.3299999999999998,3.22,,
413.238,1.2502,3.23,,
413.439,1.2502,3.23,,
413.639,1.2502,3.24,,
413.839,1.1969999999999998,3.24,39.19011605135165,39.550635946914554
414.04,1.3299999999999998,3.25,,
414.239,1.2502,3.25,,
414.44,1.3299999999999998,3.25,,
414.641,1.2502,3.26,,
414.856,1.2502,3.26,38.08353462559171,39.40020128991455
415.042,1.3299999999999998,3.26,,
415.243,1.2502,3.27,,
415.444,1.2502,3.2800000000000002,,
415.644,1.2502,3.2800000000000002,,
415.845,1.3299999999999998,3.2800000000000002,36.67571547906846,39.22568342834711
416.045,1.2502,3.2800000000000002,,
416.247,1.3299999999999998,3.2800000000000002,,
416.446,1.3299999999999998,3.2800000000000002,,
416.647,1.2502,3.29,,
416.848,1.3299999999999998,3.29,35.134551115566865,39.00531920976937
417.048,1.2502,3.29,,
417.25,1.2502,3.29,,
417.45,1.2502,3.2800000000000002,,
417.65,1.3299999999999998,3.2800000000000002,,
417.85,1.2502,3.2800000000000002,33.48700677906163,38.665672566741705
418.055,1.2502,3.2800000000000002,,
418.251,1.2502,3.27,,
418.452,1.1969999999999998,3.27,,
418.651,1.2502,3.26,,
418.852,1.2502,3.26,32.20633202418685,38.34124458953738
419.052,1.3299999999999998,3.26,,
419.253,1.3832,3.25,,
419.454,1.3299999999999998,3.25,,
419.654,1.2502,3.26,,
419.855,1.3299999999999998,3.27,30.785001694457605,37.968805599957705
420.055,1.2502,3.27,,
420.256,1.2502,3.2800000000000002,,
420.456,1.2502,3.3,,
420.657,1.2502,3.31,,
420.858,1.1438,3.33,29.592593556270003,37.67767635919154
421.058,1.1438,3.35,,
421.258,1.0906,3.38,,
421.459,1.0373999999999999,3.4,,
421.659,0.9576,3.43,,
421.86,0.8512,3.45,28.446026619290933,37.410307575017214
422.06,0.9044,3.47,,
422.26,0.7979999999999999,3.49,,
422.461,0.6916,3.51,,
422.661,0.6118,3.52,,
422.862,0.5054,3.52,27.358090062858537,37.154772193171084
423.062,0.5586,3.52,,
423.262,0.5054,3.51,,
423.463,0.39899999999999997,3.5,,
423.664,0.4522,3.5,,
423.865,0.39899999999999997,3.49,26.499474323820323,36.940093006938696
424.066,0.4522,3.48,,
424.266,0.5054,3.48,,
424.467,0.4522,3.47,,
424.668,0.4522,3.46,,
424.868,0.39899999999999997,3.45,25.908552906708792,36.7885489333421
425.069,0.266,3.45,,
425.269,0.2128,3.45,,
425.471,0.1596,3.45,,
425.669,0.1064,3.45,,
425.869,0.0532,3.45,25.47187298350036,36.67447224445641
426.069,0,3.45,,
426.27,0,3.45,,
426.47,0,3.45,,
426.673,0,3.45,,
427.073,0,3.45,24.9556851091329,36.484252609312534
427.274,0.0532,3.45,,
427.474,0.0532,3.45,,
427.675,0,3.45,,
427.875,0,3.45,24.69435917562805,36.37412317749113
428.076,0,3.45,,
428.276,0,3.45,,
428.477,0,3.45,,
428.677,0,3.45,,
428.878,0,3.45,24.533718450227752,36.34021919872612
429.078,0,3.45,,
429.279,0,3.45,,
429.479,0,3.45,,
429.684,0,3.45,,
429.88,0,3.45,24.372419922612607,36.29464784730226
430.079,0,3.45,,
430.28,0,3.45,,
430.48,0,3.45,,
430.681,0,3.45,,
430.882,0,3.45,24.16028301231563,36.24215803202242
431.083,0,3.45,,
431.283,0,3.45,,
431.489,0,3.45,,
431.685,0,3.45,,
431.886,0,3.45,24.00820640544407,36.22918087989092
432.086,0,3.45,,
432.287,0,3.45,,
432.486,0,3.45,,
432.687,0,3.45,,
432.886,0,3.45,23.907273947959766,36.216954957693815
433.087,0,3.45,,
433.287,0.0532,3.45,,
433.488,0.0532,3.45,,
433.688,0,3.45,,
433.89,0.0532,3.45,23.81616268423386,36.19115833751857
434.09,0.0532,3.45,,
434.291,0.1064,3.45,,
434.491,0.1064,3.45,,
434.692,0.1064,3.45,,
434.893,0.2128,3.44,23.697280431864783,36.15032451786101
435.094,0.2128,3.44,,
435.294,0.39899999999999997,3.42,,
435.495,0.39899999999999997,3.41,,
435.7,0.39899999999999997,3.4,,
435.83,0,0,23.39221312990412,36.08961225487292
435.897,0.5054,3.39,,
436.096,0.5054,3.37,,
436.298,0.5054,3.35,,
436.497,0.4522,3.34,,
436.697,0.39899999999999997,3.33,,
436.898,0.39899999999999997,3.33,22.945433953311294,36.00967481080443
437.1,0.266,3.32,,
437.298,0.3458,3.32,,
437.498,0.5054,3.31,,
437.699,0.5586,3.29,,
437.917,0.6916,3.2800000000000002,22.63258384121582,35.94884827081114
438.1,0.6916,3.27,,
438.3,0.7979999999999999,3.25,,
438.501,0.7979999999999999,3.24,,
438.701,0.9044,3.22,,
438.903,0.9044,3.21,22.218266976298764,35.87327359896153
439.103,0.9044,3.19,,
439.303,0.9576,3.17,,
439.504,1.0906,3.16,,
439.704,1.0906,3.15,,
439.904,1.1438,3.15,21.479799441061914,35.75202153716236
440.106,1.1438,3.14,,
440.305,1.1969999999999998,3.14,,
440.506,1.1438,3.14,,
440.707,1.1438,3.15,,
440.907,1.0373999999999999,3.15,20.61186242196709,35.64555450249463
441.108,1.0906,3.16,,
441.308,0.9576,3.17,,
441.508,1.0373999999999999,3.18,,
441.709,0.9576,3.19,,
441.91,1.0373999999999999,3.2,19.617961371317506,35.504778754897416
442.109,1.0373999999999999,3.21,,
442.311,1.0906,3.22,,
442.51,1.0373999999999999,3.24,,
442.711,1.0906,3.25,,
442.837,0,0,18.861364776501432,35.399261582642794
442.911,1.0906,3.26,,
443.312,1.1438,3.2800000000000002,,
443.513,1.0906,3.29,,
443.713,1.0906,3.29,,
443.914,1.0373999999999999,3.3,18.152684877393767,35.32302115019411
444.114,1.0906,3.31,,
444.315,1.0906,3.31,,
444.516,1.0906,3.32,,
444.716,1.0906,3.32,,
444.917,1.0906,3.32,17.282227654242888,35.227489662356675
445.117,1.0906,3.33,,
445.318,1.0906,3.33,,
445.518,1.0906,3.33,,
445.719,1.0906,3.33,,
445.921,1.0906,3.33,16.365354619920254,35.13973421789706
446.12,1.1438,3.33,,
446.322,1.0906,3.33,,
446.521,1.0906,3.33,,
446.721,1.1438,3.33,,
446.921,1.1438,3.33,15.744011807022616,35.16375337727368
447.123,1.1438,3.32,,
447.324,1.1438,3.32,,
447.523,1.0906,3.32,,
447.723,1.1438,3.32,,
447.924,1.0373999999999999,3.31,15.393578417832032,35.270841190591455
448.124,1.0906,3.32,,
448.326,1.0373999999999999,3.31,,
448.525,1.0906,3.31,,
448.725,1.0373999999999999,3.32,,
448.829,0,0,15.039682982256636,35.339704846031964
448.926,1.0906,3.32,,
449.127,1.1438,3.33,,
449.327,1.0373999999999999,3.33,,
449.528,1.0373999999999999,3.33,,
449.728,1.0373999999999999,3.33,,
449.825,0,0,14.122809947934002,35.251949987374246
449.929,1.0373999999999999,3.33,,
450.135,1.0906,3.34,,
450.33,1.0906,3.33,,
450.53,1.0373999999999999,3.33,,
450.731,1.0906,3.33,,
450.931,1.0373999999999999,3.33,12.935500006657094,35.07907657325268
451.132,1.0373999999999999,3.33,,
451.332,0.9576,3.33,,
451.533,0.9044,3.32,,
451.733,0.9044,3.31,,
452.134,0.9576,3.29,12.183341432828456,34.96882539615035
452.335,0.9576,3.2800000000000002,,
452.536,0.8512,3.2800000000000002,,
452.736,0.9044,3.27,,
452.936,0.9044,3.26,11.60984762897715,34.8771989364177
453.137,0.9576,3.25,,
453.337,0.9044,3.25,,
453.538,0.9044,3.24,,
453.738,0.9044,3.23,,
453.942,0.8512,3.22,10.773112904978916,34.69827371556312
454.139,0.8512,3.22,,
454.34,0.7979999999999999,3.22,,
454.54,0.7979999999999999,3.22,,
454.741,0.7447999999999999,3.23,,
454.832,0,0,9.751221591606736,34.45628347154707
454.942,0.7447999999999999,3.24,,
455.143,0.7447999999999999,3.24,,
455.343,0.6916,3.24,,
455.544,0.6916,3.25,,
455.745,0.6916,3.25,,
455.827,0,0,8.876740167848766,34.305605759844184
455.945,0.5586,3.26,,
456.145,0.5586,3.26,,
456.346,0.5586,3.27,,
456.547,0.4522,3.2800000000000002,,
456.746,0.4522,3.2800000000000002,,
456.827,0,0,8.430553783196956,34.286024333909154
456.947,0.39899999999999997,3.29,,
457.148,0.39899999999999997,3.29,,
457.348,0.39899999999999997,3.31,,
457.548,0.39899999999999997,3.32,,
457.749,0.4522,3.34,,
457.949,0.5586,3.36,8.1024251205381,34.291492152027786
458.15,0.5586,3.38,,
458.35,0.5054,3.39,,
458.551,0.6118,3.4,,
458.752,0.7447999999999999,3.4,,
458.952,0.8512,3.41,7.730348312063143,34.294028813019395
459.152,0.9044,3.41,,
459.553,0.9044,3.45,,
459.754,0.8512,3.48,,
459.955,0.9044,3.51,7.008060710504651,34.271993272937834
460.155,0.9576,3.54,,
460.356,0.9044,3.5700000000000003,,
460.556,0.9576,3.59,,
460.756,0.9576,3.63,,
460.832,0,0,6.087540146196261,34.21458807494491
460.956,1.0373999999999999,3.67,,
461.157,1.0373999999999999,3.71,,
461.358,1.0906,3.75,,
461.558,1.0373999999999999,3.7800000000000002,,
461.759,1.0906,3.8200000000000003,,
461.835,0,0,5.218413931084797,34.12296435981989
461.96,1.0906,3.86,,
462.161,1.0906,3.89,,
462.362,1.0906,3.93,,
462.762,1.1438,4.01,,
462.838,0,0,4.304388400865719,33.974449779838324
462.963,1.1438,4.04,,
463.163,1.1969999999999998,4.08,,
463.363,1.2502,4.11,,
463.563,1.1969999999999998,4.15,,
463.764,1.1969999999999998,4.19,,
464.165,1.1438,4.26,3.4862334369681776,33.821399862878025
464.365,1.2502,4.29,,
464.569,1.1969999999999998,4.33,,
464.766,1.1969999999999998,4.36,,
464.967,1.2502,4.4,2.7638656196650118,33.70290126372129
465.167,1.2502,4.43,,
465.369,1.3299999999999998,4.45,,
465.568,1.3299999999999998,4.48,,
465.769,1.3832,4.5,,
465.969,1.4364,4.52,1.7654985156841576,33.552462936379015
466.17,1.4364,4.53,,
466.37,1.4364,4.53,,
466.571,1.4364,4.52,,
466.772,1.3832,4.52,,
466.839,0,0,0.4384345707949251,33.25021878257394
466.973,1.4895999999999998,4.52,,
467.172,1.4895999999999998,4.52,,
467.372,1.4895999999999998,4.53,,
467.573,1.5428,4.53,,
467.773,1.4895999999999998,4.54,,
467.842,0,0,-0.781523180892691,32.89468726422638
467.974,1.4364,4.55,,
468.174,1.4364,4.5600000000000005,,
468.375,1.5428,4.57,,
468.575,1.5959999999999999,4.59,,
468.776,1.5959999999999999,4.61,,
468.844,0,0,-1.849608211312443,32.528813754208386
468.976,1.5428,4.63,,
469.178,1.5959999999999999,4.65,,
469.378,1.5428,4.69,,
469.578,1.5428,4.73,,
469.778,1.4895999999999998,4.76,,
469.833,0,0,-2.7431978876702487,32.16093082912266
469.979,1.4364,4.8100000000000005,,
470.179,1.3832,4.85,,
470.379,1.1969999999999998,4.88,,
470.58,1.1438,4.92,,
470.78,1.1969999999999998,4.96,,
470.981,1.2502,5,-3.4817059743218124,31.82686971221119
471.181,1.2502,5.05,,
471.386,1.0906,5.08,,
471.583,0.9576,5.12,,
471.783,0.9044,5.15,,
471.983,0.7979999999999999,5.17,-3.9940031163860112,31.595564141869545
472.185,0.6916,5.19,,
472.385,0.5586,5.21,,
472.586,0.6118,5.23,,
472.79,0.6118,5.25,,
472.842,0,0,-4.425794529495761,31.436073107644916
472.986,0.4522,5.26,,
473.187,0.4522,5.28,,
473.388,0.3458,5.29,,
473.591,0.2128,5.29,,
473.789,0.2128,5.3,,
473.83,0,0,-4.727344410726801,31.277808639220893
473.99,0.0532,5.3,,
474.192,0,5.3,,
474.391,0.0532,5.3,,
474.592,0,5.3,,
474.792,0.0532,5.3,,
474.826,0,0,-4.777407655492425,31.233642652630806
474.993,0.0532,5.31,,
475.193,0,5.32,,
475.393,0.1064,5.35,,
475.594,0.1064,5.4,,
475.793,0.0532,5.44,,
475.829,0,0,-4.527468357468024,31.28668650984764
475.993,0.1064,5.46,,
476.194,0.1064,5.45,,
476.395,0.0532,5.46,,
476.595,0.0532,5.46,,
476.796,0.1596,5.46,,
476.828,0,0,-4.632137903245166,31.203545269556344
476.997,0.39899999999999997,5.47,,
477.197,0.5586,5.47,,
477.398,0.5586,5.47,,
477.598,0.5054,5.47,,
477.799,0.5054,5.47,,
477.999,0.5054,5.47,-4.6965499287471175,31.158711447380483
478.2,0.5586,5.48,,
478.4,0.6118,5.49,,
478.601,0.7447999999999999,5.5,,
478.802,0.7447999999999999,5.5,,
479.001,0.7447999999999999,5.5,-5.028480520006269,31.059661337174475
479.202,0.7979999999999999,5.49,,
479.402,0.9044,5.48,,
479.603,0.9044,5.47,,
479.803,1.0373999999999999,5.46,,
479.836,0,0,-5.330156932817772,31.02780190948397
480.004,1.0906,5.45,,
480.405,1.1438,5.43,,
480.606,1.1438,5.42,,
480.806,1.1438,5.43,,
480.837,0,0,-5.861469492316246,30.874164487235248
481.007,1.1438,5.42,,
481.207,1.1438,5.42,,
481.408,1.1438,5.42,,
481.609,1.0373999999999999,5.42,,
481.808,1.1438,5.42,,
481.832,0,0,-6.187609379645437,30.730625638738275
482.009,1.0906,5.42,,
482.209,1.0906,5.42,,
482.409,1.0906,5.41,,
482.61,1.1969999999999998,5.4,,
482.81,1.1969999999999998,5.39,,
482.837,0,0,-6.139785404549912,30.62960808351636
483.012,1.1438,5.38,,
483.212,1.1969999999999998,5.38,,
483.412,1.1969999999999998,5.37,,
483.613,1.1969999999999998,5.37,,
483.816,1.2502,5.37,,
483.835,0,0,-6.031576685374603,30.571536548435688
484.015,1.2502,5.37,,
484.214,1.1969999999999998,5.37,,
484.415,1.1969999999999998,5.37,,
484.615,1.2502,5.36,,
484.823,1.2502,5.36,,
485.017,1.2502,5.36,-5.849243037169799,30.43386342935264
485.217,1.3832,5.35,,
485.417,1.3299999999999998,5.35,,
485.617,1.2502,5.35,,
485.826,1.2502,5.36,,
485.827,0,0,-5.6334095627535135,30.17987625580281
486.018,1.2502,5.36,,
486.218,1.2502,5.36,,
486.419,1.3299999999999998,5.36,,
486.619,1.2502,5.36,,
486.826,1.1969999999999998,5.37,,
486.827,0,0,-5.4546093521639705,29.912316388450563
487.02,1.1969999999999998,5.37,,
487.221,1.2502,5.37,,
487.422,1.2502,5.37,,
487.622,1.2502,5.38,,
487.831,1.3299999999999998,5.38,,
487.836,0,0,-5.206758348271251,29.679143821820617
488.023,1.1969999999999998,5.39,,
488.224,1.2502,5.39,,
488.424,1.1969999999999998,5.4,,
488.625,1.2502,5.4,,
488.83,1.1969999999999998,5.41,,
488.835,0,0,-5.068416183814406,29.543568391352892
489.028,1.2502,5.41,,
489.226,1.1969999999999998,5.41,,
489.426,1.1438,5.42,,
489.627,1.1438,5.42,,
489.827,1.1438,5.42,-4.870028936769813,29.466934700496495
490.028,1.0906,5.42,,
490.229,1.1438,5.42,,
490.432,1.1969999999999998,5.41,,
490.63,1.1969999999999998,5.4,,
490.832,1.1438,5.4,-4.798977051163092,29.386145470663905
491.031,1.1969999999999998,5.4,,
491.231,1.1969999999999998,5.39,,
491.432,1.2502,5.38,,
491.632,1.2502,5.38,,
491.841,1.2502,5.38,-4.0484335797373205,29.37270808685571
492.033,1.2502,5.38,,
492.234,1.2502,5.38,,
492.435,1.2502,5.39,,
492.635,1.2502,5.4,,
492.835,1.3299999999999998,5.4,-3.476990782888606,29.197319166734815
493.036,1.2502,5.41,,
493.236,1.2502,5.41,,
493.437,1.1969999999999998,5.41,,
493.637,1.2502,5.41,,
493.837,1.3299999999999998,5.41,-3.348532031988725,28.906163396313787
494.038,1.3299999999999998,5.41,,
494.239,1.2502,5.42,,
494.439,1.3299999999999998,5.42,,
494.64,1.1969999999999998,5.41,,
494.841,1.2502,5.42,-3.8189479352440685,28.594784541986883
495.041,1.1969999999999998,5.41,,
495.241,1.1969999999999998,5.41,,
495.442,1.2502,5.41,,
495.642,1.1969999999999998,5.41,,
495.844,1.1969999999999998,5.4,-4.725145620293915,28.223518442362547
496.043,1.1969999999999998,5.4,,
496.243,1.1969999999999998,5.4,,
496.448,1.1438,5.4,,
496.645,1.1438,5.41,,
496.845,1.1438,5.4,-5.865389731246978,27.831900662742555
497.045,1.0906,5.4,,
497.245,0.9576,5.4,,
497.446,0.9044,5.41,,
497.646,0.9044,5.4,,
497.85,0.8512,5.41,-6.905424288706854,27.40723888296634
498.047,0.8512,5.41,,
498.248,0.9044,5.41,,
498.449,0.9576,5.41,,
498.65,0.9576,5.4,,
498.851,0.9576,5.4,-7.692761554615572,27.038176062516868
499.051,1.0373999999999999,5.4,,
499.254,1.0906,5.4,,
499.452,1.0906,5.4,,
499.653,1.1438,5.4,,
499.853,1.0906,5.41,-8.34651259984821,26.67518956772983
500.054,1.1438,5.42,,
500.253,1.0906,5.43,,
500.454,1.0906,5.43,,
500.656,1.0906,5.43,,
500.855,1.0906,5.43,-8.604507817421108,26.3715027468279
501.056,1.0906,5.43,,
501.256,1.0906,5.44,,
501.457,1.1438,5.45,,
501.657,1.0906,5.44,,
501.858,1.0906,5.44,-8.613866872852668,26.13135545514524
502.059,1.1438,5.45,,
502.259,1.0906,5.45,,
502.459,1.0906,5.46,,
502.659,1.0906,5.47,,
502.86,1.1969999999999998,5.48,-8.402728350134566,25.94130536634475
503.06,1.1438,5.48,,
503.261,1.0906,5.48,,
503.463,1.0906,5.49,,
503.663,1.0906,5.49,,
503.862,1.1438,5.5,-8.175925723975524,25.69296892825514
504.063,1.1969999999999998,5.5,,
504.263,1.2502,5.51,,
504.465,1.2502,5.5,,
504.665,1.2502,5.5,,
504.866,1.2502,5.51,-8.274839907186106,25.410591227933764
505.066,1.2502,5.51,,
505.27,1.1969999999999998,5.5,,
505.467,1.3299999999999998,5.5,,
505.667,1.2502,5.5,,
505.868,1.1969999999999998,5.5,-8.280798616586253,25.204095920547843
506.068,1.2502,5.5,,
506.269,1.1969999999999998,5.5,,
506.469,1.1438,5.5,,
506.672,1.1438,5.49,,
506.871,1.1438,5.5,-8.232241029152647,24.9353133328259
507.071,1.1438,5.49,,
507.271,1.0906,5.49,,
507.472,1.0906,5.49,,
507.672,1.1438,5.48,,
507.874,1.0906,5.48,-8.07304969849065,24.767359311692417
508.073,1.0906,5.48,,
508.273,1.0906,5.49,,
508.474,1.0373999999999999,5.48,,
508.674,1.0906,5.48,,
508.875,1.0906,5.47,-7.8465766329318285,24.70439721364528
509.075,1.0906,5.47,,
509.276,1.1438,5.48,,
509.477,1.0906,5.47,,
509.678,1.1438,5.47,,
509.878,1.0906,5.47,-7.88670575292781,24.486428793519735
510.078,1.1438,5.47,,
510.279,1.0373999999999999,5.47,,
510.479,1.0373999999999999,5.47,,
510.679,1.0373999999999999,5.47,,
510.881,1.0373999999999999,5.47,-7.864729969995096,24.270058344118297
511.081,1.0906,5.47,,
511.281,1.0906,5.47,,
511.482,1.0373999999999999,5.47,,
511.683,1.0373999999999999,5.46,,
511.884,0.9044,5.46,-7.707521216478199,24.1445914208889
512.084,0.9044,5.47,,
512.284,0.9044,5.49,,
512.485,1.0373999999999999,5.51,,
512.887,1.1438,5.53,-7.446532806148753,23.97058996744454
513.087,1.1438,5.53,,
513.288,1.1438,5.54,,
513.488,1.1438,5.54,,
513.689,1.0906,5.55,,
513.889,1.0906,5.55,-7.064401512732729,23.77436714991927
514.092,1.0906,5.55,,
514.292,1.0906,5.54,,
514.491,1.0906,5.54,,
514.69,1.0906,5.54,,
514.891,1.0373999999999999,5.53,-6.704720140434802,23.54969973117113
515.091,1.0906,5.53,,
515.291,1.0906,5.53,,
515.499,1.1438,5.53,,
515.692,1.1438,5.53,,
515.893,1.1438,5.53,-6.397371895145625,23.33912158384919
516.093,1.1438,5.52,,
516.294,1.0906,5.52,,
516.496,1.1438,5.52,,
516.695,1.0906,5.52,,
516.904,1.1438,5.52,-6.231349620735273,23.117324829101562
517.097,1.1969999999999998,5.52,,
517.296,1.1969999999999998,5.52,,
517.498,1.1438,5.52,,
517.697,1.1438,5.52,,
517.898,1.0906,5.53,-6.093454051064327,22.833627718500793
518.098,1.1438,5.53,,
518.299,1.1438,5.53,,
518.499,1.1438,5.53,,
518.7,1.1438,5.53,,
518.9,1.1438,5.54,-5.897551377303898,22.62255633622408
519.101,1.1969999999999998,5.54,,
519.301,1.2502,5.54,,
519.502,1.1969999999999998,5.55,,
519.703,1.1969999999999998,5.55,,
519.827,0,0,-5.652141433209181,22.414498125202954
519.903,1.1969999999999998,5.5600000000000005,,
520.103,1.1969999999999998,5.5600000000000005,,
520.304,1.2502,5.5600000000000005,,
520.505,1.1969999999999998,5.57,,
520.705,1.1969999999999998,5.57,,
520.906,1.2502,5.57,-5.324005581904203,22.1669685235247
521.106,1.1969999999999998,5.58,,
521.306,1.1969999999999998,5.58,,
521.507,1.1969999999999998,5.57,,
521.707,1.1438,5.57,,
521.907,1.1438,5.5600000000000005,-4.96244379109703,21.92930192127824
522.108,1.1438,5.5600000000000005,,
522.308,1.1969999999999998,5.55,,
522.509,1.1438,5.55,,
522.71,1.1969999999999998,5.55,,
522.91,1.1969999999999998,5.55,-4.717836064053699,21.826378097757697
523.111,1.1438,5.55,,
523.311,1.1438,5.55,,
523.512,1.1438,5.55,,
523.712,1.1438,5.55,,
523.913,1.1969999999999998,5.5600000000000005,-4.3180194643791765,21.79545018542558
524.113,1.1438,5.5600000000000005,,
524.314,1.1969999999999998,5.57,,
524.514,1.1438,5.57,,
524.915,1.1438,5.57,-3.534575220197439,21.79415816999972
525.116,1.1969999999999998,5.57,,
525.317,1.1438,5.58,,
525.517,1.1969999999999998,5.57,,
525.717,1.1969999999999998,5.57,,
525.826,0,0,-2.731498203938827,21.76092547085136
525.918,1.1438,5.57,,
526.124,1.2502,5.58,,
526.319,1.2502,5.58,,
526.519,1.2502,5.59,,
526.72,1.2502,5.58,,
526.92,1.2502,5.58,-2.1270193445961922,21.640659521333873
527.12,1.1438,5.58,,
527.321,1.1969999999999998,5.58,,
527.524,1.0906,5.58,,
527.723,1.1438,5.58,,
527.922,1.0373999999999999,5.58,-1.8289328797254711,21.513835676014423
528.124,1.0373999999999999,5.58,,
528.323,1.0373999999999999,5.58,,
528.524,1.0373999999999999,5.57,,
528.725,0.9576,5.57,,
528.925,0.9576,5.57,-1.5679999983403832,21.393323448486626
529.126,1.0373999999999999,5.57,,
529.327,1.0373999999999999,5.58,,
529.526,0.9576,5.58,,
529.727,1.0906,5.59,,
529.928,1.0373999999999999,5.6,-1.3746720144990832,21.328962174244225
530.128,1.0906,5.61,,
530.329,1.0906,5.63,,
530.529,1.1438,5.64,,
530.73,1.1969999999999998,5.65,,
530.93,1.1969999999999998,5.66,-1.1227685811463743,21.329919857904315
531.131,1.1438,5.66,,
531.331,1.1438,5.67,,
531.532,1.1438,5.68,,
531.732,1.1438,5.68,,
531.835,0,0,-0.35321850748732686,21.398597618564963
531.933,1.1438,5.68,,
532.133,1.1438,5.68,,
532.335,1.1438,5.67,,
532.534,1.1438,5.66,,
532.736,1.1438,5.66,,
532.935,1.1438,5.65,0.41823686892166734,21.439645838923752
533.135,1.1969999999999998,5.64,,
533.336,1.1969999999999998,5.63,,
533.54,1.1969999999999998,5.62,,
533.737,1.1969999999999998,5.61,,
533.937,1.2502,5.61,1.205970900831744,21.43910402804613
534.138,1.1438,5.6,,
534.338,1.1969999999999998,5.61,,
534.539,1.1438,5.61,,
534.739,1.1438,5.61,,
534.941,1.1438,5.61,1.893194971140474,21.371256045997143
535.14,1.1969999999999998,5.61,,
535.341,1.1438,5.61,,
535.542,1.1969999999999998,5.61,,
535.742,1.1969999999999998,5.62,,
535.943,1.1438,5.62,2.152102254796773,21.298258469440043
536.144,1.1969999999999998,5.63,,
536.345,1.1438,5.63,,
536.544,1.1438,5.64,,
536.745,1.1438,5.64,,
536.945,1.0906,5.63,2.574309553252533,21.23794602137059
537.145,1.1438,5.64,,
537.346,1.0906,5.64,,
537.546,1.1969999999999998,5.65,,
537.747,1.1969999999999998,5.65,,
537.829,0,0,3.0146449329331517,21.07961273100227
537.947,1.1969999999999998,5.65,,
538.148,1.1969999999999998,5.65,,
538.348,1.1969999999999998,5.64,,
538.549,1.1438,5.64,,
538.749,1.1969999999999998,5.64,,
538.826,0,0,3.247306148754433,20.93171439692378
538.95,1.1438,5.63,,
539.151,1.0906,5.61,,
539.351,0.9576,5.59,,
539.551,1.0373999999999999,5.57,,
539.752,0.9576,5.54,,
539.826,0,0,3.3122318969108164,20.722608047537506
539.952,0.9044,5.5600000000000005,,
540.153,0.9044,5.58,,
540.354,1.0373999999999999,5.6,,
540.554,1.1438,5.62,,
540.755,1.1438,5.63,,
541.155,1.1969999999999998,5.65,3.3267425331287086,20.533789995126426
541.355,1.3299999999999998,5.66,,
541.556,1.2502,5.66,,
541.756,1.3299999999999998,5.66,,
541.956,1.3299999999999998,5.66,3.444118942366913,20.343969120644033
542.157,1.2502,5.67,,
542.362,1.2502,5.67,,
542.559,1.2502,5.67,,
542.758,1.1969999999999998,5.68,,
542.96,1.2502,5.69,3.741799655603245,20.117254256270826
543.16,1.1969999999999998,5.69,,
543.36,1.2502,5.7,,
543.561,1.2502,5.7,,
543.762,1.1969999999999998,5.7,,
543.823,0,0,3.9063783588353544,19.833954800851643
543.962,1.2502,5.71,,
544.163,1.1969999999999998,5.71,,
544.362,1.2502,5.71,,
544.564,1.2502,5.7,,
544.764,1.2502,5.69,,
544.823,0,0,3.926468299003318,19.51927520055324
544.964,1.1438,5.69,,
545.165,1.1969999999999998,5.68,,
545.365,1.1438,5.69,,
545.565,1.1969999999999998,5.68,,
545.766,1.2502,5.68,,
545.825,0,0,4.016350214835256,19.211564341560006
545.966,1.2502,5.67,,
546.167,1.1969999999999998,5.67,,
546.368,1.2502,5.66,,
546.569,1.1969999999999998,5.65,,
546.769,1.1438,5.64,,
546.833,0,0,4.024725558934733,18.889627501368523
546.969,1.1438,5.64,,
547.17,1.1438,5.63,,
547.37,1.0373999999999999,5.62,,
547.57,1.0906,5.61,,
547.771,0.9576,5.59,,
547.971,1.0373999999999999,5.59,4.128354976186529,18.682005769573152
548.172,1.0373999999999999,5.58,,
548.373,1.0373999999999999,5.58,,
548.573,1.1438,5.58,,
548.774,1.1969999999999998,5.57,,
548.974,1.1438,5.57,4.01632676506415,18.49041541479528
549.175,1.1969999999999998,5.58,,
549.375,1.1438,5.59,,
549.576,1.1438,5.61,,
549.977,1.1969999999999998,5.64,3.9123379334341735,18.322029140777886
550.177,1.1969999999999998,5.66,,
550.378,1.3299999999999998,5.67,,
550.578,1.2502,5.67,,
550.779,1.2502,5.69,,
550.838,0,0,3.535338592948392,18.07968795951456
550.979,1.3299999999999998,5.7,,
551.187,1.3299999999999998,5.72,,
551.38,1.3832,5.73,,
551.581,1.3299999999999998,5.73,,
551.781,1.3299999999999998,5.74,,
551.835,0,0,3.164119145832956,17.70577399712056
551.982,1.2502,5.75,,
552.182,1.3299999999999998,5.76,,
552.383,1.3299999999999998,5.78,,
552.583,1.2502,5.78,,
552.784,1.2502,5.78,,
552.83,0,0,2.895595112349838,17.297712116502225
552.985,1.2502,5.78,,
553.186,1.2502,5.78,,
553.385,1.3299999999999998,5.78,,
553.586,1.2502,5.78,,
553.786,1.1969999999999998,5.79,,
553.838,0,0,2.6567739557940513,17.027001790702343
553.987,1.1438,5.79,,
554.188,1.2502,5.79,,
554.388,1.2502,5.79,,
554.589,1.3299999999999998,5.79,,
554.789,1.2502,5.79,,
554.99,1.2502,5.8,2.5109637030400336,16.778687031939626
555.19,1.1969999999999998,5.8100000000000005,,
555.391,1.2502,5.8100000000000005,,
555.59,1.1969999999999998,5.8100000000000005,,
555.792,1.2502,5.8100000000000005,,
555.991,1.3299999999999998,5.8100000000000005,2.3970814482308924,16.53221303783357
556.192,1.1969999999999998,5.8100000000000005,,
556.392,1.1969999999999998,5.8100000000000005,,
556.593,1.2502,5.8100000000000005,,
556.793,1.2502,5.8100000000000005,,
556.825,0,0,2.3366007930599153,16.276695368811488
556.994,1.3832,5.8,,
557.194,1.3299999999999998,5.8,,
557.396,1.4364,5.79,,
557.596,1.3832,5.79,,
557.797,1.3832,5.8,,
557.831,0,0,2.153667223872617,15.995835539884865
557.997,1.3299999999999998,5.8,,
558.197,1.3299999999999998,5.8,,
558.398,1.3299999999999998,5.8100000000000005,,
558.603,1.3299999999999998,5.8100000000000005,,
558.799,1.1969999999999998,5.8100000000000005,,
558.83,0,0,1.7233334882184863,15.742883094586432
558.999,1.1438,5.8,,
559.2,1.1969999999999998,5.79,,
559.401,1.1969999999999998,5.79,,
559.601,1.1969999999999998,5.77,,
559.801,1.1969999999999998,5.74,,
559.827,0,0,1.4303438840433955,15.440977710299194
560.005,1.1969999999999998,5.71,,
560.202,1.0906,5.68,,
560.402,1.1438,5.65,,
560.603,1.0906,5.62,,
560.803,1.1438,5.59,,
560.828,0,0,1.2390929949469864,15.157481881789863
561.004,1.1969999999999998,5.57,,
561.205,1.3299999999999998,5.54,,
561.405,1.2502,5.52,,
561.607,1.2502,5.5,,
561.807,1.0906,5.48,,
562.007,1.0906,5.49,1.0873499028384686,14.93490954209119
562.208,1.0906,5.5,,
562.408,1.0373999999999999,5.52,,
562.608,0.8512,5.5600000000000005,,
562.809,0.9044,5.58,,
562.833,0,0,0.9131041811779141,14.6841209968552
563.01,0.9044,5.61,,
563.21,0.9044,5.63,,
563.411,0.9044,5.65,,
563.611,0.9044,5.68,,
563.813,0.8512,5.7,,
563.826,0,0,0.7489943662658334,14.418395902961493
564.012,0.8512,5.73,,
564.213,0.7979999999999999,5.76,,
564.413,0.7979999999999999,5.78,,
564.614,0.7979999999999999,5.8,,
564.826,0.8512,5.82,,
564.831,0,0,0.7379284573253244,14.200177061371505
565.014,0.9576,5.84,,
565.214,1.0373999999999999,5.85,,
565.415,1.0373999999999999,5.85,,
565.615,1.1438,5.85,,
565.83,1.1438,5.85,,
565.838,0,0,0.7951997502241284,13.975876994431019
566.019,1.1438,5.85,,
566.217,1.1969999999999998,5.85,,
566.418,1.1969999999999998,5.85,,
566.619,1.2502,5.85,,
566.823,1.1969999999999998,5.84,,
566.828,0,0,0.8720790781080723,13.734265388920903
567.019,1.1969999999999998,5.83,,
567.22,1.2502,5.83,,
567.424,1.3299999999999998,5.83,,
567.621,1.3299999999999998,5.82,,
567.822,1.3832,5.8100000000000005,,
567.824,0,0,0.6428178839851171,13.397869681939483
568.022,1.3299999999999998,5.8,,
568.222,1.3299999999999998,5.79,,
568.423,1.3832,5.78,,
568.623,1.2502,5.79,,
568.828,1.3299999999999998,5.79,,
568.829,0,0,0.20474496111273766,13.004234391264617
569.024,1.3299999999999998,5.79,,
569.225,1.3299999999999998,5.79,,
569.425,1.3299999999999998,5.79,,
569.626,1.3832,5.79,,
569.826,1.3299999999999998,5.79,-0.1625500835943967,12.661696317605674
570.026,1.3832,5.79,,
570.229,1.3299999999999998,5.79,,
570.427,1.3832,5.8,,
570.628,1.3299999999999998,5.8,,
570.83,1.3832,5.8,,
570.831,0,0,-0.2900353614240885,12.362911150790751
571.029,1.3832,5.8,,
571.229,1.3299999999999998,5.8,,
571.43,1.3832,5.8,,
571.63,1.3299999999999998,5.8,,
571.833,1.3832,5.8,-0.07033098815008998,12.222827330231667
572.031,1.3299999999999998,5.8100000000000005,,
572.232,1.3832,5.82,,
572.432,1.2502,5.83,,
572.633,1.3299999999999998,5.82,,
572.833,1.3299999999999998,5.82,0.41317589906975627,12.240219175815582
573.034,1.4364,5.82,,
573.234,1.3832,5.82,,
573.435,1.3299999999999998,5.83,,
573.636,1.3832,5.83,,
573.845,1.3832,5.83,,
573.846,0,0,1.0709436587058008,12.27114360127598
574.038,1.3299999999999998,5.83,,
574.237,1.4364,5.84,,
574.437,1.4364,5.84,,
574.637,1.4364,5.84,,
575.039,1.4364,5.83,1.1681621184106916,11.980004436336458
575.239,1.4364,5.83,,
575.439,1.4364,5.82,,
575.64,1.4364,5.83,,
575.84,1.4364,5.83,0.6670374376699328,11.506587717682123
576.041,1.4364,5.82,,
576.441,1.4895999999999998,5.82,,
576.642,1.4364,5.82,,
576.842,1.4364,5.82,-0.16688248701393604,11.03467991668731
577.043,1.4895999999999998,5.83,,
577.243,1.4364,5.82,,
577.444,1.3832,5.83,,
577.648,1.4364,5.84,,
577.845,1.4364,5.84,-0.993428269866854,10.516253001056612
578.045,1.3832,5.84,,
578.246,1.3832,5.84,,
578.447,1.4895999999999998,5.83,,
578.648,1.4364,5.82,,
578.847,1.4364,5.82,-1.5576580218039453,10.098823406733572
579.048,1.4895999999999998,5.82,,
579.248,1.4364,5.82,,
579.449,1.4895999999999998,5.82,,
579.649,1.4364,5.83,,
579.85,1.4895999999999998,5.83,-1.8045519434381276,9.761485727503896
580.05,1.4895999999999998,5.84,,
580.251,1.4364,5.84,,
580.452,1.4364,5.84,,
580.652,1.4895999999999998,5.83,,
580.862,1.3832,5.83,-1.9856624735984951,9.438829268328846
581.054,1.4895999999999998,5.84,,
581.253,1.3832,5.84,,
581.454,1.4895999999999998,5.84,,
581.653,1.3832,5.83,,
581.855,1.4364,5.83,-2.0474009020254016,9.217811528593302
582.055,1.4895999999999998,5.83,,
582.255,1.4364,5.84,,
582.455,1.4364,5.84,,
582.656,1.4364,5.84,,
582.857,1.3299999999999998,5.83,-2.258696246659383,8.972881755791605
583.057,1.4364,5.83,,
583.258,1.3832,5.83,,
583.458,1.3832,5.83,,
583.659,1.4364,5.83,,
583.859,1.3832,5.83,-2.9536327212117612,8.478790851309896
584.06,1.4364,5.82,,
584.26,1.4895999999999998,5.82,,
584.461,1.3832,5.83,,
584.661,1.4364,5.84,,
584.862,1.4364,5.84,-3.5884349688421935,7.980327266268432
585.063,1.3832,5.84,,
585.263,1.4895999999999998,5.85,,
585.476,1.4364,5.85,,
585.664,1.4364,5.85,,
585.864,1.3832,5.85,-4.070380811812356,7.5689091039821506
586.064,1.4364,5.85,,
586.266,1.4895999999999998,5.85,,
586.466,1.4895999999999998,5.85,,
586.666,1.4895999999999998,5.85,,
586.867,1.4364,5.85,-4.557514760643244,7.184842941351235
587.068,1.4364,5.85,,
587.267,1.4364,5.85,,
587.468,1.4895999999999998,5.84,,
587.67,1.4895999999999998,5.84,,
587.869,1.3299999999999998,5.84,-4.904455340234563,6.855636537075043
588.07,1.3299999999999998,5.83,,
588.276,1.2502,5.83,,
588.47,1.2502,5.83,,
588.671,1.3299999999999998,5.83,,
588.871,1.1969999999999998,5.83,-5.022334795678034,6.5151692340150476
589.072,1.1969999999999998,5.85,,
589.272,1.0906,5.85,,
589.473,1.1438,5.86,,
589.673,1.0906,5.86,,
589.874,1.0906,5.85,-4.646118042292073,6.301047973334789
590.074,1.0373999999999999,5.85,,
590.275,1.1969999999999998,5.85,,
590.475,1.1969999999999998,5.86,,
590.676,1.2502,5.87,,
590.876,1.1969999999999998,5.88,-4.066166695905849,6.1468346966430545
591.077,1.1969999999999998,5.89,,
591.277,1.2502,5.9,,
591.478,1.3299999999999998,5.91,,
591.678,1.3299999999999998,5.92,,
591.879,1.2502,5.92,-3.3862651153467596,5.989748318679631
592.079,1.3299999999999998,5.93,,
592.28,1.3299999999999998,5.93,,
592.48,1.2502,5.94,,
592.681,1.2502,5.94,,
592.881,1.2502,5.95,-2.750883571105078,5.808008547872305
593.081,1.2502,5.96,,
593.282,1.1969999999999998,5.97,,
593.483,1.2502,5.97,,
593.683,1.1969999999999998,5.96,,
593.884,1.2502,5.95,-2.2002054147887975,5.601710371673107
594.084,1.2502,5.94,,
594.285,1.1969999999999998,5.92,,
594.485,1.1438,5.91,,
594.686,1.1438,5.89,,
594.886,1.0906,5.86,-1.4947843535337597,5.445228922180831
595.087,1.0373999999999999,5.84,,
595.295,0.9044,5.82,,
595.488,0.8512,5.8,,
595.889,0.7447999999999999,5.76,-0.9907224834896624,5.252417189069092
596.089,0.6916,5.74,,
596.29,0.6118,5.73,,
596.49,0.5586,5.72,,
596.691,0.5054,5.7,,
596.891,0.5054,5.69,-0.800912685925141,5.067785255610943
597.095,0.4522,5.68,,
597.292,0.4522,5.67,,
597.493,0.39899999999999997,5.66,,
597.693,0.266,5.65,,
597.894,0.2128,5.65,-0.5379734809976071,4.972454270347953
598.094,0.1596,5.64,,
598.295,0.1596,5.65,,
598.495,0.0532,5.64,,
598.696,0.0532,5.65,,
598.896,0.0532,5.64,0.055970095098018646,5.043127303943038
599.097,0.1064,5.6,,
599.297,0.1064,5.53,,
599.498,0.1596,5.5,,
599.698,0.1596,5.49,,
599.898,0.1064,5.49,0.5074926360975951,5.16541896853596
600.099,0.266,5.48,,
600.302,0.3458,5.47,,
600.5,0.39899999999999997,5.46,,
600.7,0.3458,5.46,,
600.901,0.3458,5.45,0.5242807089816779,5.140980904921889
601.101,0.2128,5.45,,
601.302,0.2128,5.45,,
601.503,0.0532,5.45,,
601.703,0.0532,5.45,,
601.905,0.0532,5.45,0.605382364243269,5.137602012604475
602.104,0.0532,5.45,,
602.305,0.1064,5.45,,
602.506,0.0532,5.44,,
602.706,0,5.4,,
602.825,0,0,0.6241466174833477,5.094907912425697
602.906,0.0532,5.36,,
603.11,0.0532,5.35,,
603.307,0.1064,5.35,,
603.508,0.266,5.34,,
603.708,0.5054,5.33,,
603.909,0.6118,5.32,0.5534939616918564,4.999700915999711
604.11,0.6118,5.3,,
604.309,0.6916,5.29,,
604.513,0.7447999999999999,5.27,,
604.71,0.7979999999999999,5.26,,
604.911,0.7979999999999999,5.25,0.5233696440700442,4.864176928065717
605.111,0.9044,5.26,,
605.312,0.8512,5.26,,
605.512,0.8512,5.27,,
605.713,0.7979999999999999,5.28,,
605.915,0.7979999999999999,5.31,0.40508459927514195,4.641645516268909
606.114,0.7979999999999999,5.33,,
606.314,0.7447999999999999,5.35,,
606.515,0.7447999999999999,5.37,,
606.716,0.6916,5.38,,
606.916,0.5586,5.4,0.28853944153524935,4.469652296043932
607.117,0.5586,5.41,,
607.32,0.4522,5.42,,
607.518,0.4522,5.44,,
607.718,0.39899999999999997,5.45,,
607.919,0.266,5.45,0.21050516865216196,4.362908749841154
608.119,0.39899999999999997,5.46,,
608.319,0.5054,5.46,,
608.522,0.6118,5.46,,
608.722,0.6916,5.46,,
608.83,0,0,-0.04201316297985613,4.209715703502297
608.921,0.6916,5.47,,
609.122,0.7447999999999999,5.47,,
609.322,0.8512,5.48,,
609.522,0.7979999999999999,5.49,,
609.723,0.8512,5.52,,
609.824,0,0,-0.34850304876454175,3.9905886854976416
609.923,0.9044,5.54,,
610.124,0.9576,5.5600000000000005,,
610.324,0.9044,5.57,,
610.525,0.9576,5.58,,
610.725,0.9044,5.59,,
610.926,1.0373999999999999,5.61,-0.6312995932530612,3.7315830402076244
611.126,1.0906,5.62,,
611.327,1.0906,5.62,,
611.527,0.9044,5.63,,
611.727,0.7979999999999999,5.64,,
612.128,0.4522,5.66,-0.9370433753356338,3.460811998695135
612.329,0.4522,5.66,,
612.529,0.39899999999999997,5.67,,
612.73,0.39899999999999997,5.67,,
612.93,0.3458,5.67,-1.1522115119732916,3.266569947823882
613.132,0.5054,5.67,,
613.332,0.5054,5.67,,
613.532,0.6118,5.67,,
613.733,0.7447999999999999,5.68,,
613.934,0.9044,5.69,-1.3412938346154988,3.1188811538740993
614.133,0.9576,5.69,,
614.335,0.9044,5.71,,
614.534,1.0373999999999999,5.72,,
614.737,1.2502,5.73,,
614.839,0,0,-1.6722834792453796,2.9334501698613167
614.936,1.4364,5.75,,
615.136,1.5428,5.78,,
615.337,1.7289999999999999,5.8100000000000005,,
615.537,1.7822,5.84,,
615.738,1.7822,5.88,,
615.831,0,0,-2.0702774908859283,2.5692125475034118
615.938,1.7822,5.91,,
616.139,1.8885999999999998,5.94,,
616.34,2.0216,5.98,,
616.539,1.9418,6.01,,
616.74,1.9418,6.04,,
616.829,0,0,-2.605013631982729,2.101254495792091
616.94,1.8885999999999998,6.07,,
617.141,1.8885999999999998,6.1,,
617.341,1.7822,6.13,,
617.542,1.7822,6.14,,
617.743,1.5959999999999999,6.2,,
617.944,1.5959999999999999,6.24,-3.1100924641359597,1.6111053256317973
618.143,1.5959999999999999,6.27,,
618.344,1.5428,0.02,,
618.545,1.4895999999999998,0.04,,
618.745,1.3832,0.07,,
618.945,1.3299999999999998,0.1,-3.3701977794989944,1.1519860615953803
619.146,1.3299999999999998,0.12,,
619.346,1.3299999999999998,0.14,,
619.547,1.3832,0.17,,
619.747,1.4364,0.19,,
619.948,1.4895999999999998,0.22,-3.394274572143331,0.8062758343294263
620.148,1.4364,0.25,,
620.349,1.4364,0.28,,
620.55,1.4364,0.32,,
620.951,1.4364,0.39,-3.206381796626374,0.5621926253661513
621.152,1.3832,0.43,,
621.353,1.3832,0.46,,
621.556,1.3299999999999998,0.5,,
621.754,1.2502,0.54,,
621.83,0,0,-2.7239328967407346,0.390552113763988
621.955,1.2502,0.58,,
622.156,1.2502,0.62,,
622.356,1.1969999999999998,0.66,,
622.556,1.1969999999999998,0.7000000000000001,,
622.757,1.1969999999999998,0.73,,
622.829,0,0,-2.250543397385627,0.29694641660898924
622.956,1.0906,0.76,,
623.157,1.0906,0.8,,
623.357,1.0373999999999999,0.8300000000000001,,
623.558,1.0373999999999999,0.87,,
623.758,0.9576,0.9,,
623.958,0.9576,0.93,-1.6170014266390353,0.3119765743613243
624.159,0.9044,0.9500000000000001,,
624.359,0.7979999999999999,0.98,,
624.56,0.6916,1,,
624.76,0.6118,1.01,,
624.961,0.5586,1.03,-0.8424483777489513,0.33959422539919615
625.161,0.5054,1.04,,
625.362,0.4522,1.05,,
625.562,0.39899999999999997,1.06,,
625.763,0.3458,1.06,,
625.963,0.2128,1.06,-0.31228773505426943,0.362703924998641
626.164,0.1596,1.06,,
626.365,0.1064,1.06,,
626.565,0,1.06,,
626.766,0,1.06,,
626.966,0,1.06,-0.04107826901599765,0.38154858630150557
627.167,0,1.06,,
627.367,0.0532,1.06,,
627.568,0.0532,1.06,,
627.768,0,1.06,,
627.822,0,0,0.010142691899091005,0.36744538974016905
627.968,0,1.06,,
