17.606,0.9576,6.26,,,-12.1355255,-77.02195643
17.806,0.9044,6.27,,,-12.1355255,-77.02195643
18.007,1.0373999999999999,0,,,-12.1355255,-77.02195643
18.219,1.0373999999999999,0,,,-12.1355255,-77.02195643
18.255,0,0,-27.573729747207835,5.027108710259199,-12.13552425,-77.0219508
18.408,1.0906,0.01,,,-12.13552425,-77.0219508
18.609,1.0906,0.02,,,-12.13552425,-77.0219508
18.81,1.0373999999999999,0.03,,,-12.13552425,-77.0219508
19.01,1.0906,0.04,,,-12.13552425,-77.0219508
19.22,1.0906,0.05,,,-12.13552425,-77.0219508
19.233,0,0,-26.544970371061936,5.2586841164156795,-12.13552402,-77.0219411
19.411,1.1438,0.06,,,-12.13552402,-77.0219411
19.611,1.0373999999999999,0.07,,,-12.13552402,-77.0219411
19.812,1.0906,0.07,,,-12.13552402,-77.0219411
20.013,1.0373999999999999,0.08,,,-12.13552402,-77.0219411
20.23,0.9576,0.09,,,-12.13552402,-77.0219411
20.233,0,0,-25.252088699955493,5.53985598590225,-12.13552332,-77.02192893
20.413,1.0373999999999999,0.1,,,-12.13552332,-77.02192893
20.613,0.9576,0.11,,,-12.13552332,-77.02192893
20.813,1.0373999999999999,0.12,,,-12.13552332,-77.02192893
21.015,1.0906,0.12,,,-12.13552332,-77.02192893
21.219,1.0373999999999999,0.13,,,-12.13552332,-77.02192893
21.225,0,0,-24.070461260387674,5.810021004639566,-12.13552323,-77.02191778
21.418,1.0906,0.13,,,-12.13552323,-77.02191778
21.615,1.0906,0.14,,,-12.13552323,-77.02191778
21.816,1.0373999999999999,0.15,,,-12.13552323,-77.02191778
22.016,0.9576,0.16,,,-12.13552323,-77.02191778
22.221,0.9576,0.16,,,-12.13552323,-77.02191778
22.227,0,0,-23.074155046371743,6.04203397128731,-12.13552333,-77.02190837
22.418,1.0373999999999999,0.16,,,-12.13552333,-77.02190837
22.619,1.0906,0.15,,,-12.13552333,-77.02190837
22.821,1.0906,0.15,,,-12.13552333,-77.02190837
23.02,1.0906,0.14,,,-12.13552333,-77.02190837
23.222,1.0906,0.14,,,-12.13552333,-77.02190837
23.228,0,0,-22.286128378938884,6.272583900950849,-12.13552537,-77.02190083
23.42,1.0906,0.13,,,-12.13552537,-77.02190083
23.621,1.0373999999999999,0.13,,,-12.13552537,-77.02190083
23.82,1.0373999999999999,0.12,,,-12.13552537,-77.02190083
24.021,0.9576,0.11,,,-12.13552537,-77.02190083
24.235,1.0373999999999999,0.1,,,-12.13552537,-77.02190083
24.238,0,0,-21.47171406983398,6.514492912217975,-12.13552763,-77.02189303
24.422,0.9044,0.09,,,-12.13552763,-77.02189303
24.622,0.9576,0.08,,,-12.13552763,-77.02189303
24.823,0.9576,0.07,,,-12.13552763,-77.02189303
25.023,1.0373999999999999,0.06,,,-12.13552763,-77.02189303
25.229,0.9044,0.06,-20.51729557220824,6.768517730757594,-12.13552905,-77.02188395
25.424,0.9576,0.06,,,-12.13552905,-77.02188395
25.625,0.9044,0.07,,,-12.13552905,-77.02188395
25.826,0.9044,0.07,,,-12.13552905,-77.02188395
26.026,0.9044,0.07,,,-12.13552905,-77.02188395
26.235,0.9044,0.08,-19.498801635112613,7.0301133170723915,-12.13553017,-77.02187428
26.429,0.9576,0.08,,,-12.13553017,-77.02187428
26.627,0.9044,0.09,,,-12.13553017,-77.02187428
26.827,0.9576,0.1,,,-12.13553017,-77.02187428
27.029,1.0906,0.1,,,-12.13553017,-77.02187428
27.232,1.0373999999999999,0.11,-18.60359142185189,7.274810931645334,-12.13553177,-77.02186575
27.429,1.0373999999999999,0.11,,,-12.13553177,-77.02186575
27.629,1.0373999999999999,0.11,,,-12.13553177,-77.02186575
27.83,1.0373999999999999,0.11,,,-12.13553177,-77.02186575
28.03,1.0373999999999999,0.11,,,-12.13553177,-77.02186575
28.231,1.0373999999999999,0.11,-17.71690839761868,7.517783347517252,-12.13553338,-77.0218573
28.431,1.0906,0.12,,,-12.13553338,-77.0218573
28.632,1.0373999999999999,0.12,,,-12.13553338,-77.0218573
28.832,1.0906,0.12,,,-12.13553338,-77.0218573
29.034,1.0373999999999999,0.12,,,-12.13553338,-77.0218573
29.235,1.0906,0.11,-16.34933402715251,7.7943416349589825,-12.13553177,-77.02184447
29.435,1.0906,0.11,,,-12.13553177,-77.02184447
29.634,1.0906,0.11,,,-12.13553177,-77.02184447
29.836,1.0906,0.11,,,-12.13553177,-77.02184447
30.037,1.0906,0.11,,,-12.13553177,-77.02184447
30.243,1.0906,0.1,-15.071298487251624,8.091525101102889,-12.13553188,-77.0218324
30.437,1.0906,0.09,,,-12.13553188,-77.0218324
30.638,1.0906,0.07,,,-12.13553188,-77.0218324
30.839,1.0906,0.06,,,-12.13553188,-77.0218324
31.04,1.0373999999999999,0.05,,,-12.13553188,-77.0218324
31.243,1.0373999999999999,0.03,-13.742160159163177,8.341234236955643,-12.13552952,-77.02181997
31.441,1.0373999999999999,0.02,,,-12.13552952,-77.02181997
31.641,1.0906,0,,,-12.13552952,-77.02181997
31.841,1.0906,6.27,,,-12.13552952,-77.02181997
32.041,1.0906,6.26,,,-12.13552952,-77.02181997
32.246,1.0373999999999999,6.25,,,-12.13552952,-77.02181997
32.249,0,0,-12.564821235602722,8.557398203760386,-12.13552722,-77.02180897
32.442,1.0906,6.24,,,-12.13552722,-77.02180897
32.643,1.0373999999999999,6.23,,,-12.13552722,-77.02180897
32.842,1.0906,6.22,,,-12.13552722,-77.02180897
33.053,1.0906,6.21,,,-12.13552722,-77.02180897
33.244,1.1438,6.2,-11.431177417514846,8.76469155214727,-12.13552497,-77.02179838
33.444,1.0906,6.19,,,-12.13552497,-77.02179838
33.644,1.0906,6.17,,,-12.13552497,-77.02179838
33.845,1.0373999999999999,6.16,,,-12.13552497,-77.02179838
34.046,0.9576,6.15,,,-12.13552497,-77.02179838
34.247,1.0373999999999999,6.14,-10.295677455607802,8.973612343892455,-12.13552277,-77.02178777
34.454,1.0373999999999999,6.13,,,-12.13552277,-77.02178777
34.648,1.1438,6.12,,,-12.13552277,-77.02178777
34.848,1.0906,6.1,,,-12.13552277,-77.02178777
35.049,1.0906,6.09,,,-12.13552277,-77.02178777
35.249,1.0373999999999999,6.08,-9.388111844891682,9.174380918964744,-12.13552242,-77.02177922
35.45,0.9576,6.07,,,-12.13552242,-77.02177922
35.65,1.0373999999999999,6.06,,,-12.13552242,-77.02177922
35.852,1.0373999999999999,6.04,,,-12.13552242,-77.02177922
36.051,1.0906,6.04,,,-12.13552242,-77.02177922
36.251,1.1969999999999998,6.03,-8.59210039791651,9.346081553027034,-12.13552193,-77.02177173
36.452,1.1438,6.02,,,-12.13552193,-77.02177173
36.655,1.0906,6.02,,,-12.13552193,-77.02177173
36.854,1.0373999999999999,6.01,,,-12.13552193,-77.02177173
37.055,1.0373999999999999,6.01,,,-12.13552193,-77.02177173
37.253,1.0373999999999999,6,-7.9794695104938,9.524455884471536,-12.13552348,-77.02176587
37.454,1.1438,6,,,-12.13552348,-77.02176587
37.659,1.1438,5.99,,,-12.13552348,-77.02176587
37.855,1.1969999999999998,5.99,,,-12.13552348,-77.02176587
38.055,1.1969999999999998,5.99,,,-12.13552348,-77.02176587
38.259,1.1438,5.99,-7.217652943218127,9.69931068457663,-12.13552345,-77.02175868
38.456,1.2502,5.99,,,-12.13552345,-77.02175868
38.658,1.2502,5.99,,,-12.13552345,-77.02175868
38.858,1.3299999999999998,5.99,,,-12.13552345,-77.02175868
39.063,1.3299999999999998,5.99,,,-12.13552345,-77.02175868
39.259,1.3299999999999998,5.99,-6.224881581263617,9.883733917027712,-12.1355216,-77.0217494
39.46,1.2502,5.98,,,-12.1355216,-77.0217494
39.661,1.2502,5.98,,,-12.1355216,-77.0217494
39.861,1.1969999999999998,5.98,,,-12.1355216,-77.0217494
40.061,1.1969999999999998,5.98,,,-12.1355216,-77.0217494
40.263,1.1969999999999998,5.98,-5.2277041506022215,10.019995949231088,-12.1355177,-77.02174018
40.462,1.1438,5.97,,,-12.1355177,-77.02174018
40.663,1.1438,5.97,,,-12.1355177,-77.02174018
40.863,1.1969999999999998,5.97,,,-12.1355177,-77.02174018
41.063,1.1969999999999998,5.97,,,-12.1355177,-77.02174018
41.265,1.1969999999999998,5.97,-4.343125173822045,10.107518499717116,-12.13551285,-77.02173207
41.464,1.1438,5.97,,,-12.13551285,-77.02173207
41.666,1.1969999999999998,5.97,,,-12.13551285,-77.02173207
41.865,1.1438,5.97,,,-12.13551285,-77.02173207
42.066,1.1438,5.97,,,-12.13551285,-77.02173207
42.266,1.1438,5.97,-3.2514778857585043,10.172717087902129,-12.13550508,-77.02172215
42.467,1.0906,5.97,,,-12.13550508,-77.02172215
42.667,1.1438,5.97,,,-12.13550508,-77.02172215
42.868,1.1969999999999998,5.97,,,-12.13550508,-77.02172215
43.069,1.2502,5.96,,,-12.13550508,-77.02172215
43.27,1.3299999999999998,5.96,-2.1634435907471925,10.258433208800852,-12.1354982,-77.02171222
43.469,1.3299999999999998,5.96,,,-12.1354982,-77.02171222
43.67,1.3299999999999998,5.95,,,-12.1354982,-77.02171222
43.87,1.3299999999999998,5.94,,,-12.1354982,-77.02171222
44.071,1.3299999999999998,5.94,,,-12.1354982,-77.02171222
44.271,1.3299999999999998,5.94,-1.0739356295671314,10.36679869517684,-12.13549225,-77.02170223
44.472,1.2502,5.94,,,-12.13549225,-77.02170223
44.672,1.2502,5.93,,,-12.13549225,-77.02170223
44.873,1.1969999999999998,5.93,,,-12.13549225,-77.02170223
45.073,1.1969999999999998,5.93,,,-12.13549225,-77.02170223
45.275,1.2502,5.93,0.15586147573776543,10.524768630973995,-12.13548702,-77.02169088
45.474,1.3299999999999998,5.93,,,-12.13548702,-77.02169088
45.676,1.2502,5.92,,,-12.13548702,-77.02169088
45.875,1.1969999999999998,5.92,,,-12.13548702,-77.02169088
46.076,1.2502,5.91,,,-12.13548702,-77.02169088
46.277,1.2502,5.91,1.3023238880559802,10.6812843400985,-12.13548253,-77.02168028
46.489,1.1969999999999998,5.91,,,-12.13548253,-77.02168028
46.677,1.1969999999999998,5.91,,,-12.13548253,-77.02168028
46.877,1.1969999999999998,5.9,,,-12.13548253,-77.02168028
47.078,1.1438,5.9,,,-12.13548253,-77.02168028
47.279,1.1438,5.9,2.2958694961853325,10.828465312719345,-12.13547912,-77.02167107
47.486,1.0906,5.9,,,-12.13547912,-77.02167107
47.68,1.1969999999999998,5.9,,,-12.13547912,-77.02167107
47.881,1.1969999999999998,5.9,,,-12.13547912,-77.02167107
48.081,1.2502,5.9,,,-12.13547912,-77.02167107
48.281,1.1969999999999998,5.9,3.1688894687686116,10.961302559822798,-12.13547627,-77.02166297
48.481,1.2502,5.9,,,-12.13547627,-77.02166297
48.681,1.1969999999999998,5.9,,,-12.13547627,-77.02166297
48.883,1.2502,5.9,,,-12.13547627,-77.02166297
49.083,1.1969999999999998,5.9,,,-12.13547627,-77.02166297
49.285,1.2502,5.9,4.117313172435388,11.100963267497718,-12.13547298,-77.02165418
49.484,1.1969999999999998,5.9,,,-12.13547298,-77.02165418
49.684,1.1969999999999998,5.9,,,-12.13547298,-77.02165418
49.885,1.1969999999999998,5.91,,,-12.13547298,-77.02165418
50.086,1.1438,5.91,,,-12.13547298,-77.02165418
50.286,1.1438,5.91,5.180240221088752,11.261736273765564,-12.13546947,-77.02164432
50.487,1.2502,5.91,,,-12.13546947,-77.02164432
50.688,1.2502,5.9,,,-12.13546947,-77.02164432
50.888,1.1969999999999998,5.9,,,-12.13546947,-77.02164432
51.088,1.2502,5.89,,,-12.13546947,-77.02164432
51.289,1.1969999999999998,5.89,6.330658641876653,11.410768828354776,-12.13546463,-77.0216337
51.489,1.1438,5.89,,,-12.13546463,-77.0216337
51.69,1.1969999999999998,5.89,,,-12.13546463,-77.0216337
51.891,1.2502,5.89,,,-12.13546463,-77.0216337
52.093,1.1969999999999998,5.89,,,-12.13546463,-77.0216337
52.292,1.1438,5.89,7.3686154615134,11.554032964631915,-12.13546063,-77.0216241
52.491,1.1969999999999998,5.89,,,-12.13546063,-77.0216241
52.692,1.1438,5.9,,,-12.13546063,-77.0216241
52.892,1.1438,5.91,,,-12.13546063,-77.0216241
53.094,1.0906,5.92,,,-12.13546063,-77.0216241
53.293,1.1438,5.93,8.324831273872405,11.698608808219433,-12.13545747,-77.02161523
53.493,1.1438,5.93,,,-12.13545747,-77.02161523
53.695,1.0906,5.94,,,-12.13545747,-77.02161523
53.894,1.0906,5.94,,,-12.13545747,-77.02161523
54.096,1.0906,5.95,,,-12.13545747,-77.02161523
54.295,1.1438,5.95,9.220612719189376,11.829496339894831,-12.13545432,-77.02160693
54.496,1.1438,5.95,,,-12.13545432,-77.02160693
54.696,1.1969999999999998,5.95,,,-12.13545432,-77.02160693
54.897,1.1969999999999998,5.95,,,-12.13545432,-77.02160693
55.098,1.1969999999999998,5.95,,,-12.13545432,-77.02160693
55.304,1.1969999999999998,5.96,10.151982046663761,11.96570737566799,-12.13545105,-77.0215983
55.499,1.1438,5.96,,,-12.13545105,-77.0215983
55.7,1.0906,5.96,,,-12.13545105,-77.0215983
55.9,1.1438,5.96,,,-12.13545105,-77.0215983
56.1,1.1438,5.96,,,-12.13545105,-77.0215983
56.301,1.0906,5.97,11.132695513544604,12.129843105562031,-12.13544847,-77.02158917
56.501,1.0373999999999999,5.96,,,-12.13544847,-77.02158917
56.705,1.0906,5.96,,,-12.13544847,-77.02158917
56.902,1.0373999999999999,5.96,,,-12.13544847,-77.02158917
57.103,1.1438,5.96,,,-12.13544847,-77.02158917
57.305,1.1438,5.96,12.112210867693648,12.304017966613173,-12.13544632,-77.02158003
57.503,1.1969999999999998,5.96,,,-12.13544632,-77.02158003
57.703,1.1438,5.96,,,-12.13544632,-77.02158003
57.905,1.0906,5.96,,,-12.13544632,-77.02158003
58.104,1.1969999999999998,5.95,,,-12.13544632,-77.02158003
58.215,0,0,13.293525985209271,12.469048651866615,-12.13544185,-77.0215691
58.306,1.2502,5.94,,,-12.13544185,-77.0215691
58.505,1.1969999999999998,5.94,,,-12.13544185,-77.0215691
58.707,1.1969999999999998,5.95,,,-12.13544185,-77.0215691
58.907,1.1969999999999998,5.94,,,-12.13544185,-77.0215691
59.108,1.0906,5.94,,,-12.13544185,-77.0215691
59.309,1.0906,5.94,14.054127349052578,12.59109118487686,-12.13543963,-77.02156203
59.509,1.0906,5.94,,,-12.13543963,-77.02156203
59.709,1.0906,5.94,,,-12.13543963,-77.02156203
59.909,1.1438,5.94,,,-12.13543963,-77.02156203
60.11,1.1969999999999998,5.94,,,-12.13543963,-77.02156203
60.31,1.0906,5.94,14.41196541604586,12.698750785551965,-12.13544068,-77.0215586
60.511,0.9576,5.95,,,-12.13544068,-77.0215586
60.711,1.0906,5.95,,,-12.13544068,-77.0215586
60.912,1.1969999999999998,5.96,,,-12.13544068,-77.0215586
61.112,1.1969999999999998,5.96,,,-12.13544068,-77.0215586
61.313,1.1969999999999998,5.97,15.127545894822106,12.919325501658022,-12.135443,-77.02155173
61.513,1.1969999999999998,5.97,,,-12.135443,-77.02155173
61.717,1.1969999999999998,5.97,,,-12.135443,-77.02155173
61.914,1.1969999999999998,5.97,,,-12.135443,-77.02155173
62.114,1.1438,5.97,,,-12.135443,-77.02155173
62.315,1.1438,5.97,16.133302308851853,13.192624540999532,-12.13544473,-77.02154215
62.515,1.1438,5.97,,,-12.13544473,-77.02154215
62.718,1.1438,5.97,,,-12.13544473,-77.02154215
62.916,1.1438,5.98,,,-12.13544473,-77.02154215
63.117,1.2502,5.98,,,-12.13544473,-77.02154215
63.317,1.1969999999999998,5.98,17.34492323640734,13.477866757661104,-12.13544498,-77.0215307
63.519,1.1969999999999998,5.98,,,-12.13544498,-77.0215307
63.719,1.1438,5.99,,,-12.13544498,-77.0215307
63.918,1.1438,5.99,,,-12.13544498,-77.0215307
64.123,1.1969999999999998,6,,,-12.13544498,-77.0215307
64.219,0,0,18.663171019405127,13.73610836546868,-12.13544308,-77.02151835
64.319,1.2502,6.01,,,-12.13544308,-77.02151835
64.521,1.1969999999999998,6.01,,,-12.13544308,-77.02151835
64.721,1.1438,6.01,,,-12.13544308,-77.02151835
64.921,1.1438,6.01,,,-12.13544308,-77.02151835
65.121,1.0906,6,,,-12.13544308,-77.02151835
65.225,0,0,19.7527234533336,13.921731694601476,-12.13544035,-77.0215082
65.322,1.1438,6,,,-12.13544035,-77.0215082
65.54,1.1969999999999998,6,,,-12.13544035,-77.0215082
65.723,1.1438,5.99,,,-12.13544035,-77.0215082
65.924,1.1969999999999998,5.99,,,-12.13544035,-77.0215082
66.124,1.0906,5.98,,,-12.13544035,-77.0215082
66.325,1.0906,5.98,20.835070544155315,14.10473505873233,-12.13543758,-77.02149812
66.524,0.9576,5.99,,,-12.13543758,-77.02149812
66.726,1.0906,5.99,,,-12.13543758,-77.02149812
66.927,1.0373999999999999,5.99,,,-12.13543758,-77.02149812
67.127,1.0373999999999999,5.98,,,-12.13543758,-77.02149812
67.326,1.0373999999999999,5.98,21.984432977391407,14.282553715631366,-12.13543395,-77.02148745
67.527,0.9576,5.98,,,-12.13543395,-77.02148745
67.728,0.9044,5.98,,,-12.13543395,-77.02148745
67.929,0.9576,5.98,,,-12.13543395,-77.02148745
68.128,0.9576,5.98,,,-12.13543395,-77.02148745
68.331,1.0373999999999999,5.98,22.897648957557976,14.449126543477178,-12.13543212,-77.02147892
68.529,1.0373999999999999,5.98,,,-12.13543212,-77.02147892
68.73,1.0373999999999999,5.97,,,-12.13543212,-77.02147892
68.931,1.0906,5.97,,,-12.13543212,-77.02147892
69.131,1.0906,5.97,,,-12.13543212,-77.02147892
69.332,1.0373999999999999,5.97,23.711349731311202,14.597321728244424,-12.13543048,-77.02147132
69.532,1.1438,5.97,,,-12.13543048,-77.02147132
69.748,1.0906,5.97,,,-12.13543048,-77.02147132
69.933,1.0906,5.97,,,-12.13543048,-77.02147132
70.134,1.1438,5.97,,,-12.13543048,-77.02147132
70.334,1.1438,5.97,24.323614536086097,14.72403944376856,-12.13542988,-77.02146557
70.535,1.1438,5.97,,,-12.13542988,-77.02146557
70.735,1.0906,5.97,,,-12.13542988,-77.02146557
70.941,1.0906,5.97,,,-12.13542988,-77.02146557
71.135,1.0373999999999999,5.97,,,-12.13542988,-77.02146557
71.223,0,0,24.790235463296995,14.824386707507074,-12.13542958,-77.02146118
71.337,1.0906,5.97,,,-12.13542958,-77.02146118
71.737,1.1438,5.97,,,-12.13542958,-77.02146118
71.938,1.0906,5.97,,,-12.13542958,-77.02146118
72.139,1.0373999999999999,5.96,,,-12.13542958,-77.02146118
72.217,0,0,25.402667101938277,14.955221043899655,-12.13542915,-77.02145542
72.339,1.0373999999999999,5.96,,,-12.13542915,-77.02145542
72.541,1.0373999999999999,5.96,,,-12.13542915,-77.02145542
72.74,1.0373999999999999,5.96,,,-12.13542915,-77.02145542
72.944,1.0373999999999999,5.96,,,-12.13542915,-77.02145542
73.141,1.0373999999999999,5.96,,,-12.13542915,-77.02145542
73.342,1.0373999999999999,5.96,26.223462420515716,15.130719440989196,-12.13542858,-77.0214477
73.542,0.9044,5.95,,,-12.13542858,-77.0214477
73.747,0.9044,5.96,,,-12.13542858,-77.0214477
73.944,0.8512,5.95,,,-12.13542858,-77.0214477
74.144,0.8512,5.95,,,-12.13542858,-77.0214477
74.345,0.8512,5.95,27.02985280705616,15.27675047237426,-12.13542692,-77.02144017
74.544,0.8512,5.95,,,-12.13542692,-77.02144017
74.744,0.8512,5.95,,,-12.13542692,-77.02144017
74.945,0.9044,5.94,,,-12.13542692,-77.02144017
75.145,0.9576,5.93,,,-12.13542692,-77.02144017
75.346,0.9576,5.93,27.906220819801092,15.443467481993139,-12.13542545,-77.02143197
75.547,0.9576,5.93,,,-12.13542545,-77.02143197
75.748,0.9576,5.93,,,-12.13542545,-77.02143197
75.948,0.9576,5.93,,,-12.13542545,-77.02143197
76.149,0.9576,5.93,,,-12.13542545,-77.02143197
76.349,1.0373999999999999,5.93,28.828439916484058,15.638743537478149,-12.13542473,-77.0214233
76.549,1.0906,5.93,,,-12.13542473,-77.0214233
76.749,1.1438,5.93,,,-12.13542473,-77.0214233
76.95,1.0373999999999999,5.93,,,-12.13542473,-77.0214233
77.151,1.1438,5.95,,,-12.13542473,-77.0214233
77.218,0,0,29.89628050546162,15.821763668209314,-12.1354221,-77.02141335
77.352,1.0373999999999999,5.95,,,-12.1354221,-77.02141335
77.551,1.1438,5.96,,,-12.1354221,-77.02141335
77.751,1.0906,5.97,,,-12.1354221,-77.02141335
77.952,1.0906,5.97,,,-12.1354221,-77.02141335
78.153,1.1438,5.98,,,-12.1354221,-77.02141335
78.223,0,0,30.999483863823116,16.030445865355432,-12.1354202,-77.02140303
78.353,1.0373999999999999,5.98,,,-12.1354202,-77.02140303
78.554,1.1438,5.99,,,-12.1354202,-77.02140303
78.755,1.0906,5.99,,,-12.1354202,-77.02140303
78.954,1.1969999999999998,5.99,,,-12.1354202,-77.02140303
79.155,1.1438,5.99,,,-12.1354202,-77.02140303
79.224,0,0,32.10608091484755,16.214722474105656,-12.13541725,-77.02139273
79.356,1.2502,5.99,,,-12.13541725,-77.02139273
79.557,1.2502,5.99,,,-12.13541725,-77.02139273
79.757,1.1438,5.99,,,-12.13541725,-77.02139273
79.957,1.1969999999999998,5.99,,,-12.13541725,-77.02139273
80.159,1.1438,5.99,,,-12.13541725,-77.02139273
80.559,1.1969999999999998,5.99,33.220627593575045,16.403230351395905,-12.1354144,-77.02138235
80.76,1.1969999999999998,5.98,,,-12.1354144,-77.02138235
80.96,1.1969999999999998,5.98,,,-12.1354144,-77.02138235
81.16,1.1969999999999998,5.98,,,-12.1354144,-77.02138235
81.361,1.0906,5.98,34.48807228449732,16.591474660672247,-12.13541007,-77.0213706
81.561,1.1438,5.98,,,-12.13541007,-77.0213706
81.766,1.0906,5.98,,,-12.13541007,-77.0213706
81.962,1.1438,5.98,,,-12.13541007,-77.0213706
82.163,1.1438,5.98,,,-12.13541007,-77.0213706
82.362,1.0373999999999999,5.97,35.65635633189231,16.725919982418418,-12.13540445,-77.02135985
82.563,1.0373999999999999,5.97,,,-12.13540445,-77.02135985
82.763,1.0906,5.97,,,-12.13540445,-77.02135985
82.964,1.0373999999999999,5.97,,,-12.13540445,-77.02135985
83.171,1.0373999999999999,5.97,,,-12.13540445,-77.02135985
83.238,0,0,36.63298220746219,16.83034625183791,-12.13539942,-77.02135088
83.365,1.0906,5.97,,,-12.13539942,-77.02135088
83.566,1.0373999999999999,5.97,,,-12.13539942,-77.02135088
83.766,1.0906,5.97,,,-12.13539942,-77.02135088
83.968,0.9576,5.97,,,-12.13539942,-77.02135088
84.167,1.0373999999999999,5.97,,,-12.13539942,-77.02135088
84.219,0,0,37.700815439457074,16.95531405415386,-12.13539437,-77.02134105
84.367,1.0373999999999999,5.97,,,-12.13539437,-77.02134105
84.567,1.0373999999999999,5.98,,,-12.13539437,-77.02134105
84.768,1.0373999999999999,5.98,,,-12.13539437,-77.02134105
84.969,1.0906,5.98,,,-12.13539437,-77.02134105
85.169,1.0906,5.98,,,-12.13539437,-77.02134105
85.223,0,0,38.79586329241283,17.05416995845735,-12.13538797,-77.02133103
85.37,1.0906,5.98,,,-12.13538797,-77.02133103
85.57,1.0906,5.99,,,-12.13538797,-77.02133103
85.77,0.9576,5.99,,,-12.13538797,-77.02133103
85.973,1.0373999999999999,5.99,,,-12.13538797,-77.02133103
86.171,1.0373999999999999,5.99,,,-12.13538797,-77.02133103
86.226,0,0,39.81635819398798,17.22963839583099,-12.13538548,-77.02132152
86.372,1.0373999999999999,6,,,-12.13538548,-77.02132152
86.572,1.0906,6,,,-12.13538548,-77.02132152
86.773,1.0373999999999999,6,,,-12.13538548,-77.02132152
86.973,1.0373999999999999,6,,,-12.13538548,-77.02132152
87.174,0.9576,6,,,-12.13538548,-77.02132152
87.376,0.9576,6,40.76681720674969,17.40887583512813,-12.13538382,-77.02131263
87.575,0.9576,6,,,-12.13538382,-77.02131263
87.776,0.9576,6,,,-12.13538382,-77.02131263
87.975,0.9576,6,,,-12.13538382,-77.02131263
88.178,1.0373999999999999,6,,,-12.13538382,-77.02131263
88.377,0.9576,6,41.7195955037605,17.58289074152708,-12.13538192,-77.02130373
88.578,1.0373999999999999,6,,,-12.13538192,-77.02130373
88.778,0.9576,6,,,-12.13538192,-77.02130373
88.978,0.9576,6,,,-12.13538192,-77.02130373
89.38,0.9576,6,42.66889014211483,17.762339908629656,-12.13538028,-77.02129485
89.58,0.9576,6,,,-12.13538028,-77.02129485
89.78,1.0373999999999999,6,,,-12.13538028,-77.02129485
89.981,1.0373999999999999,6,,,-12.13538028,-77.02129485
90.182,1.0373999999999999,5.99,,,-12.13538028,-77.02129485
90.224,0,0,43.526100034825504,17.905692977830768,-12.13537802,-77.02128687
90.382,1.0906,5.99,,,-12.13537802,-77.02128687
90.587,1.0373999999999999,5.99,,,-12.13537802,-77.02128687
90.783,1.0373999999999999,5.98,,,-12.13537802,-77.02128687
90.983,1.0906,5.98,,,-12.13537802,-77.02128687
91.184,1.0906,5.98,,,-12.13537802,-77.02128687
91.22,0,0,44.4070071184542,18.038195680826902,-12.13537508,-77.0212787
91.384,1.0906,5.97,,,-12.13537508,-77.0212787
91.585,1.0373999999999999,5.97,,,-12.13537508,-77.0212787
91.785,1.0373999999999999,5.96,,,-12.13537508,-77.0212787
91.987,1.0373999999999999,5.96,,,-12.13537508,-77.0212787
92.187,1.0906,5.95,,,-12.13537508,-77.0212787
92.218,0,0,45.22953313915059,18.123899071477354,-12.13537075,-77.02127115
92.387,1.0373999999999999,5.95,,,-12.13537075,-77.02127115
92.588,1.1438,5.94,,,-12.13537075,-77.02127115
92.788,1.0906,5.94,,,-12.13537075,-77.02127115
92.989,1.0906,5.94,,,-12.13537075,-77.02127115
93.19,1.0373999999999999,5.94,,,-12.13537075,-77.02127115
93.39,1.0373999999999999,5.94,46.14764262386598,18.220837630331516,-12.13536597,-77.02126272
93.59,1.0906,5.94,,,-12.13536597,-77.02126272
93.79,1.0906,5.95,,,-12.13536597,-77.02126272
93.991,1.1438,5.95,,,-12.13536597,-77.02126272
94.192,1.1969999999999998,5.95,,,-12.13536597,-77.02126272
94.236,0,0,47.050044116098434,18.298803431913257,-12.13536055,-77.02125447
94.391,1.1969999999999998,5.95,,,-12.13536055,-77.02125447
94.592,1.0906,5.95,,,-12.13536055,-77.02125447
94.794,1.0906,5.96,,,-12.13536055,-77.02125447
94.993,1.0906,5.96,,,-12.13536055,-77.02125447
95.193,1.0906,5.96,,,-12.13536055,-77.02125447
95.394,1.0373999999999999,5.96,47.931620731949806,18.394518877379596,-12.13535607,-77.02124637
95.595,1.0906,5.97,,,-12.13535607,-77.02124637
95.796,1.0906,5.97,,,-12.13535607,-77.02124637
95.996,1.0373999999999999,5.97,,,-12.13535607,-77.02124637
96.196,0.9576,5.97,,,-12.13535607,-77.02124637
96.229,0,0,48.81885213870555,18.48506092093885,-12.13535132,-77.02123823
96.396,1.0373999999999999,5.97,,,-12.13535132,-77.02123823
96.599,1.0373999999999999,5.97,,,-12.13535132,-77.02123823
96.797,1.0373999999999999,5.97,,,-12.13535132,-77.02123823
96.998,1.0373999999999999,5.97,,,-12.13535132,-77.02123823
97.199,1.0373999999999999,5.97,,,-12.13535132,-77.02123823
97.222,0,0,49.73945709038526,18.585693842731416,-12.13534667,-77.02122977
97.399,1.0373999999999999,5.97,,,-12.13534667,-77.02122977
97.599,0.9576,5.97,,,-12.13534667,-77.02122977
97.8,1.0373999999999999,5.97,,,-12.13534667,-77.02122977
98.202,1.0373999999999999,5.97,,,-12.13534667,-77.02122977
98.231,0,0,50.63676035194658,18.709982390515506,-12.13534323,-77.02122147
98.402,1.0373999999999999,5.97,,,-12.13534323,-77.02122147
98.602,1.0906,5.97,,,-12.13534323,-77.02122147
98.803,1.0373999999999999,5.97,,,-12.13534323,-77.02122147
99.003,1.0373999999999999,5.97,,,-12.13534323,-77.02122147
99.209,1.0373999999999999,5.97,,,-12.13534323,-77.02122147
99.226,0,0,51.59902572934516,18.862197188660502,-12.13534033,-77.02121253
99.408,1.0373999999999999,5.98,,,-12.13534033,-77.02121253
99.604,1.0373999999999999,5.98,,,-12.13534033,-77.02121253
99.805,0.9576,5.98,,,-12.13534033,-77.02121253
100.006,1.0373999999999999,5.98,,,-12.13534033,-77.02121253
100.221,1.0906,5.98,,,-12.13534033,-77.02121253
100.231,0,0,52.462977663148195,19.01502177771181,-12.1353384,-77.02120447
100.406,1.0906,5.98,,,-12.1353384,-77.02120447
100.607,1.0906,5.98,,,-12.1353384,-77.02120447
100.815,1.0906,5.98,,,-12.1353384,-77.02120447
101.008,1.0906,5.99,,,-12.1353384,-77.02120447
101.223,1.0373999999999999,5.99,,,-12.1353384,-77.02120447
101.409,1.0906,5.99,53.32712089107372,19.157335695810616,-12.13533603,-77.02119643
101.609,1.0906,5.99,,,-12.13533603,-77.02119643
101.81,1.1438,6,,,-12.13533603,-77.02119643
102.011,1.1438,6,,,-12.13533603,-77.02119643
102.218,1.1438,6.01,,,-12.13533603,-77.02119643
102.242,0,0,54.21912166569382,19.304631018079817,-12.1353336,-77.02118813
102.411,1.0373999999999999,6.02,,,-12.1353336,-77.02118813
102.611,1.0906,6.01,,,-12.1353336,-77.02118813
102.812,1.0906,6.02,,,-12.1353336,-77.02118813
103.012,1.0373999999999999,6.02,,,-12.1353336,-77.02118813
103.218,1.0906,6.02,,,-12.1353336,-77.02118813
103.226,0,0,55.067084399051964,19.430022339336574,-12.13533068,-77.02118027
103.413,1.0373999999999999,6.02,,,-12.13533068,-77.02118027
103.616,0.9576,6.01,,,-12.13533068,-77.02118027
103.815,0.9576,6.01,,,-12.13533068,-77.02118027
104.015,0.9576,6.01,,,-12.13533068,-77.02118027
104.233,1.0373999999999999,6.01,,,-12.13533068,-77.02118027
104.234,0,0,55.84216339280829,19.53765609115362,-12.13532772,-77.0211731
104.417,1.0373999999999999,6.01,,,-12.13532772,-77.0211731
104.616,1.0373999999999999,6.01,,,-12.13532772,-77.0211731
104.822,1.0373999999999999,6.01,,,-12.13532772,-77.0211731
105.017,0.9576,6,,,-12.13532772,-77.0211731
105.222,0.9044,6,,,-12.13532772,-77.0211731
105.224,0,0,56.61641172715463,19.653734325431287,-12.13532512,-77.02116592
105.419,0.9576,6,,,-12.13532512,-77.02116592
105.619,0.9576,6,,,-12.13532512,-77.02116592
105.819,0.9576,5.99,,,-12.13532512,-77.02116592
106.021,1.0373999999999999,5.99,,,-12.13532512,-77.02116592
106.225,1.0906,5.99,57.40094768954441,19.778420736081898,-12.13532278,-77.02115863
106.421,1.0906,5.98,,,-12.13532278,-77.02115863
106.621,1.0906,5.98,,,-12.13532278,-77.02115863
106.833,1.0373999999999999,5.98,,,-12.13532278,-77.02115863
107.022,1.0373999999999999,5.98,,,-12.13532278,-77.02115863
107.228,0.9576,5.98,58.27317929593846,19.914683487266302,-12.13532008,-77.02115053
107.423,1.0373999999999999,5.98,,,-12.13532008,-77.02115053
107.623,1.0373999999999999,5.98,,,-12.13532008,-77.02115053
107.825,1.0906,5.97,,,-12.13532008,-77.02115053
108.025,1.0373999999999999,5.97,,,-12.13532008,-77.02115053
108.228,0.9576,5.97,,,-12.13532008,-77.02115053
108.229,0,0,59.11100603779778,20.05501094274223,-12.13531788,-77.02114273
108.425,0.9576,5.98,,,-12.13531788,-77.02114273
108.626,1.0373999999999999,5.99,,,-12.13531788,-77.02114273
108.826,1.0906,6,,,-12.13531788,-77.02114273
109.027,1.0373999999999999,6.02,,,-12.13531788,-77.02114273
109.237,1.0373999999999999,6.03,,,-12.13531788,-77.02114273
109.246,0,0,59.946785282110795,20.20422208402306,-12.13531607,-77.02113493
109.428,1.0906,6.04,,,-12.13531607,-77.02113493
109.628,0.9576,6.05,,,-12.13531607,-77.02113493
109.83,1.0373999999999999,6.06,,,-12.13531607,-77.02113493
110.03,0.9044,6.07,,,-12.13531607,-77.02113493
110.23,0.9576,6.08,60.8547563997563,20.369352469220757,-12.13531423,-77.02112645
110.43,0.9576,6.09,,,-12.13531423,-77.02112645
110.632,1.0373999999999999,6.1,,,-12.13531423,-77.02112645
110.831,0.9576,6.11,,,-12.13531423,-77.02112645
111.032,1.0373999999999999,6.13,,,-12.13531423,-77.02112645
111.243,1.0373999999999999,6.15,61.785211423179135,20.553098573349416,-12.13531295,-77.02111773
111.433,0.9576,6.17,,,-12.13531295,-77.02111773
111.633,1.0373999999999999,6.18,,,-12.13531295,-77.02111773
111.834,0.9576,6.2,,,-12.13531295,-77.02111773
112.035,0.9576,6.21,,,-12.13531295,-77.02111773
112.237,1.0373999999999999,6.23,62.6359915882349,20.738871457986534,-12.13531252,-77.02110972
112.436,0.9576,6.24,,,-12.13531252,-77.02110972
112.637,1.0373999999999999,6.26,,,-12.13531252,-77.02110972
112.836,0.9576,6.27,,,-12.13531252,-77.02110972
113.038,0.9044,0.01,,,-12.13531252,-77.02110972
113.239,0.9044,0.03,63.463022000622004,20.93572258669883,-12.13531278,-77.0211019
113.439,0.9044,0.05,,,-12.13531278,-77.0211019
113.639,0.9044,0.07,,,-12.13531278,-77.0211019
113.84,0.9044,0.09,,,-12.13531278,-77.0211019
114.039,0.9576,0.11,,,-12.13531278,-77.0211019
114.44,0.9044,0.14,64.23372595594265,21.134944239631295,-12.13531368,-77.02109458
114.64,0.9044,0.16,,,-12.13531368,-77.02109458
114.841,0.9044,0.18,,,-12.13531368,-77.02109458
115.041,0.8512,0.2,,,-12.13531368,-77.02109458
115.242,0.8512,0.21,65.03382859635167,21.342141242697835,-12.13531463,-77.02108698
115.442,0.8512,0.23,,,-12.13531463,-77.02108698
115.649,0.9044,0.25,,,-12.13531463,-77.02108698
115.843,0.9576,0.26,,,-12.13531463,-77.02108698
116.044,0.9576,0.28,,,-12.13531463,-77.02108698
116.244,0.9576,0.3,65.86524791712873,21.56351287662983,-12.13531587,-77.02107907
116.451,0.9044,0.32,,,-12.13531587,-77.02107907
116.646,0.9576,0.34,,,-12.13531587,-77.02107907
116.846,0.9044,0.36,,,-12.13531587,-77.02107907
117.053,0.9576,0.38,,,-12.13531587,-77.02107907
117.247,0.9044,0.41000000000000003,66.6622378458269,21.803576413542032,-12.13531822,-77.02107143
117.448,0.9044,0.43,,,-12.13531822,-77.02107143
117.649,1.0373999999999999,0.45,,,-12.13531822,-77.02107143
117.848,0.9044,0.47000000000000003,,,-12.13531822,-77.02107143
118.05,0.9576,0.48,,,-12.13531822,-77.02107143
118.249,0.9576,0.5,67.39526666444726,22.040412677451968,-12.13532105,-77.02106437
118.45,0.9576,0.53,,,-12.13532105,-77.02106437
118.651,0.9044,0.54,,,-12.13532105,-77.02106437
118.85,0.8512,0.56,,,-12.13532105,-77.02106437
119.051,0.9044,0.58,,,-12.13532105,-77.02106437
119.252,0.9576,0.6,68.38074005465023,22.33879114035517,-12.13532402,-77.02105492
119.452,0.9576,0.62,,,-12.13532402,-77.02105492
119.654,1.0373999999999999,0.64,,,-12.13532402,-77.02105492
119.853,0.9044,0.66,,,-12.13532402,-77.02105492
120.053,0.9044,0.68,,,-12.13532402,-77.02105492
120.255,0.9044,0.7000000000000001,69.32118139322847,22.648620184510946,-12.1353279,-77.02104585
120.456,0.9044,0.71,,,-12.1353279,-77.02104585
120.655,0.9576,0.73,,,-12.1353279,-77.02104585
120.855,0.9576,0.76,,,-12.1353279,-77.02104585
121.056,0.9044,0.77,,,-12.1353279,-77.02104585
121.256,0.9576,0.79,70.00585540360771,22.930684715509415,-12.13533308,-77.02103913
121.457,0.9044,0.81,,,-12.13533308,-77.02103913
121.657,0.9576,0.8300000000000001,,,-12.13533308,-77.02103913
121.857,0.9044,0.84,,,-12.13533308,-77.02103913
122.058,1.0373999999999999,0.86,,,-12.13533308,-77.02103913
122.259,1.0373999999999999,0.88,70.62220146157779,23.223628195933998,-12.13533937,-77.021033
122.459,1.0373999999999999,0.9,,,-12.13533937,-77.021033
122.659,1.0373999999999999,0.91,,,-12.13533937,-77.021033
122.861,1.0906,0.93,,,-12.13533937,-77.021033
123.06,1.0906,0.9500000000000001,,,-12.13533937,-77.021033
123.26,1.1438,0.97,71.27403376856819,23.55137791670859,-12.13534677,-77.02102648
123.461,1.0373999999999999,0.99,,,-12.13534677,-77.02102648
123.661,1.0906,1.01,,,-12.13534677,-77.02102648
123.861,1.0906,1.03,,,-12.13534677,-77.02102648
124.062,1.0906,1.05,,,-12.13534677,-77.02102648
124.262,1.0906,1.07,71.80066800420173,23.88505520299077,-12.13535562,-77.02102107
124.468,1.0906,1.09,,,-12.13535562,-77.02102107
124.663,1.0906,1.12,,,-12.13535562,-77.02102107
124.864,1.0906,1.13,,,-12.13535562,-77.02102107
125.064,1.0906,1.15,,,-12.13535562,-77.02102107
125.265,1.1438,1.17,72.24408769840375,24.19739429373294,-12.13536438,-77.02101645
125.465,1.1969999999999998,1.18,,,-12.13536438,-77.02101645
125.666,1.1969999999999998,1.19,,,-12.13536438,-77.02101645
125.872,1.1438,1.2,,,-12.13536438,-77.02101645
126.067,1.1438,1.21,,,-12.13536438,-77.02101645
126.267,1.1438,1.21,72.58454245352186,24.486961556598544,-12.13537318,-77.0210128
126.469,1.1438,1.22,,,-12.13537318,-77.0210128
126.669,1.1438,1.23,,,-12.13537318,-77.0210128
126.869,1.0906,1.24,,,-12.13537318,-77.0210128
127.069,1.1438,1.24,,,-12.13537318,-77.0210128
127.277,1.0906,1.25,73.01924008363858,24.779059479944408,-12.13538118,-77.0210083
127.47,1.0373999999999999,1.26,,,-12.13538118,-77.0210083
127.67,1.0906,1.27,,,-12.13538118,-77.0210083
127.871,1.0906,1.28,,,-12.13538118,-77.0210083
128.072,1.1438,1.29,,,-12.13538118,-77.0210083
128.272,1.0906,1.29,73.38418879685923,25.059159738011658,-12.13538935,-77.02100445
128.473,1.0906,1.29,,,-12.13538935,-77.02100445
128.673,1.1438,1.29,,,-12.13538935,-77.02100445
128.873,1.0906,1.29,,,-12.13538935,-77.02100445
129.074,1.0906,1.29,,,-12.13538935,-77.02100445
129.274,1.1438,1.29,73.65123127563857,25.304220478981733,-12.135397,-77.02100155
129.476,1.0906,1.29,,,-12.135397,-77.02100155
129.675,1.1438,1.28,,,-12.135397,-77.02100155
129.876,1.1438,1.28,,,-12.135397,-77.02100155
130.076,1.1438,1.28,,,-12.135397,-77.02100155
130.277,1.1438,1.29,73.9278449404519,25.570678177289665,-12.13540545,-77.02099852
130.477,1.0906,1.29,,,-12.13540545,-77.02099852
130.678,1.1438,1.29,,,-12.13540545,-77.02099852
130.878,1.1438,1.3,,,-12.13540545,-77.02099852
131.079,1.1969999999999998,1.3,,,-12.13540545,-77.02099852
131.28,1.1969999999999998,1.3,74.20269808126613,25.830253350548446,-12.13541363,-77.02099552
131.48,1.1969999999999998,1.3,,,-12.13541363,-77.02099552
131.681,1.1969999999999998,1.3,,,-12.13541363,-77.02099552
131.882,1.1438,1.3,,,-12.13541363,-77.02099552
132.081,1.1438,1.31,,,-12.13541363,-77.02099552
132.282,1.1438,1.31,74.43490962637588,26.105428436771035,-12.13542287,-77.02099287
132.483,1.1969999999999998,1.3,,,-12.13542287,-77.02099287
132.683,1.1438,1.3,,,-12.13542287,-77.02099287
132.883,1.1438,1.29,,,-12.13542287,-77.02099287
133.084,1.1438,1.29,,,-12.13542287,-77.02099287
133.289,1.0906,1.29,74.69592706137337,26.410511899739504,-12.13543308,-77.0209899
133.485,1.1438,1.29,,,-12.13543308,-77.0209899
133.685,1.1438,1.29,,,-12.13543308,-77.0209899
133.886,1.1438,1.29,,,-12.13543308,-77.0209899
134.086,1.1438,1.29,,,-12.13543308,-77.0209899
134.286,1.0906,1.28,75.00947219412774,26.72002593241632,-12.13544297,-77.02098645
134.487,1.1969999999999998,1.29,,,-12.13544297,-77.02098645
134.689,1.1438,1.29,,,-12.13544297,-77.02098645
134.888,1.1969999999999998,1.29,,,-12.13544297,-77.02098645
135.088,1.1969999999999998,1.29,,,-12.13544297,-77.02098645
135.289,1.1438,1.29,75.38528897683136,27.035256791859865,-12.1354525,-77.02098243
135.489,1.1438,1.29,,,-12.1354525,-77.02098243
135.69,1.1438,1.3,,,-12.1354525,-77.02098243
135.89,1.1438,1.3,,,-12.1354525,-77.02098243
136.094,1.0906,1.31,,,-12.1354525,-77.02098243
136.293,1.0906,1.31,75.68327429308556,27.320314846001565,-12.13546152,-77.02097917
136.492,1.1438,1.31,,,-12.13546152,-77.02097917
136.698,1.1969999999999998,1.32,,,-12.13546152,-77.02097917
136.892,1.1438,1.32,,,-12.13546152,-77.02097917
137.093,1.1438,1.32,,,-12.13546152,-77.02097917
137.294,1.0906,1.33,75.93498274264857,27.60286321863532,-12.13547088,-77.02097633
137.498,1.0373999999999999,1.33,,,-12.13547088,-77.02097633
137.694,1.0906,1.32,,,-12.13547088,-77.02097633
137.895,1.0906,1.32,,,-12.13547088,-77.02097633
138.095,1.0906,1.32,,,-12.13547088,-77.02097633
138.296,1.0906,1.32,75.97779015800916,27.80919693876058,-12.13547907,-77.02097552
138.496,1.0373999999999999,1.32,,,-12.13547907,-77.02097552
138.697,1.0906,1.32,,,-12.13547907,-77.02097552
138.897,1.0906,1.32,,,-12.13547907,-77.02097552
139.097,1.0906,1.32,,,-12.13547907,-77.02097552
139.299,1.0906,1.32,75.86923390277661,27.96073346491903,-12.13548643,-77.02097618
139.498,1.1438,1.32,,,-12.13548643,-77.02097618
139.699,1.0906,1.31,,,-12.13548643,-77.02097618
139.9,1.0906,1.31,,,-12.13548643,-77.02097618
140.1,1.1438,1.31,,,-12.13548643,-77.02097618
140.3,1.1438,1.31,75.70795848150738,28.11835067998618,-12.13549455,-77.0209773
140.501,1.1438,1.31,,,-12.13549455,-77.0209773
140.703,1.1438,1.32,,,-12.13549455,-77.0209773
140.902,1.1438,1.32,,,-12.13549455,-77.0209773
141.102,1.0906,1.31,,,-12.13549455,-77.0209773
141.303,1.0906,1.32,75.70612584566697,28.319913432002068,-12.13550297,-77.0209769
141.504,1.0906,1.32,,,-12.13550297,-77.0209769
141.704,1.0906,1.32,,,-12.13550297,-77.0209769
141.905,1.0906,1.32,,,-12.13550297,-77.0209769
142.306,1.0906,1.31,75.82527585956268,28.553198920562863,-12.13551155,-77.02097535
142.506,1.1438,1.3,,,-12.13551155,-77.02097535
142.707,1.1438,1.3,,,-12.13551155,-77.02097535
142.907,1.1438,1.3,,,-12.13551155,-77.02097535
143.107,1.1969999999999998,1.3,,,-12.13551155,-77.02097535
143.227,0,0,76.32699134992436,28.869141857139766,-12.1355199,-77.0209702
143.308,1.1438,1.3,,,-12.1355199,-77.0209702
143.511,1.1969999999999998,1.3,,,-12.1355199,-77.0209702
143.708,1.1969999999999998,1.3,,,-12.1355199,-77.0209702
143.909,1.2502,1.3,,,-12.1355199,-77.0209702
144.109,1.1969999999999998,1.3,,,-12.1355199,-77.0209702
144.31,1.1438,1.3,77.07266117213294,29.26410162076354,-12.1355292,-77.0209627
144.511,1.0906,1.3,,,-12.1355292,-77.0209627
144.711,1.1438,1.3,,,-12.1355292,-77.0209627
144.915,1.1438,1.3,,,-12.1355292,-77.0209627
145.112,1.1438,1.3,,,-12.1355292,-77.0209627
145.313,1.1969999999999998,1.3,77.81796336872503,29.660656147636473,-12.13553857,-77.0209552
145.513,1.0906,1.3,,,-12.13553857,-77.0209552
145.713,1.1438,1.3,,,-12.13553857,-77.0209552
145.914,1.0906,1.31,,,-12.13553857,-77.0209552
146.115,1.1969999999999998,1.31,,,-12.13553857,-77.0209552
146.314,1.1438,1.31,78.47072115447372,30.056991204619408,-12.13554882,-77.02094853
146.515,1.1438,1.31,,,-12.13554882,-77.02094853
146.715,1.1438,1.31,,,-12.13554882,-77.02094853
146.918,1.0373999999999999,1.31,,,-12.13554882,-77.02094853
147.116,1.1438,1.31,,,-12.13554882,-77.02094853
147.317,1.0373999999999999,1.32,78.99794386420399,30.42199393734336,-12.13555897,-77.02094305
147.518,1.1438,1.32,,,-12.13555897,-77.02094305
147.718,1.0906,1.32,,,-12.13555897,-77.02094305
147.918,1.0906,1.31,,,-12.13555897,-77.02094305
148.118,1.1438,1.31,,,-12.13555897,-77.02094305
148.319,1.0906,1.31,79.14845331548713,30.664427398703992,-12.13556763,-77.0209412
148.519,1.0906,1.31,,,-12.13556763,-77.0209412
148.72,1.1969999999999998,1.31,,,-12.13556763,-77.0209412
148.92,1.1438,1.31,,,-12.13556763,-77.0209412
149.121,1.1438,1.31,,,-12.13556763,-77.0209412
149.225,0,0,79.28983348072506,30.922268754802644,-12.13557702,-77.0209394
149.321,1.1969999999999998,1.31,,,-12.13557702,-77.0209394
149.522,1.2502,1.31,,,-12.13557702,-77.0209394
149.723,1.1438,1.31,,,-12.13557702,-77.0209394
149.923,1.1969999999999998,1.31,,,-12.13557702,-77.0209394
150.123,1.1438,1.31,,,-12.13557702,-77.0209394
150.324,1.1438,1.31,79.65390423242934,31.269099347293377,-12.13558798,-77.02093542
150.524,1.1438,1.31,,,-12.13558798,-77.02093542
150.725,1.1438,1.3,,,-12.13558798,-77.02093542
150.929,1.1438,1.3,,,-12.13558798,-77.02093542
151.126,1.1969999999999998,1.3,,,-12.13558798,-77.02093542
151.326,1.1438,1.3,80.23955640662462,31.65164813771844,-12.1355983,-77.02092938
151.527,1.1969999999999998,1.3,,,-12.1355983,-77.02092938
151.727,1.1438,1.3,,,-12.1355983,-77.02092938
151.928,1.1969999999999998,1.3,,,-12.1355983,-77.02092938
152.129,1.0906,1.29,,,-12.1355983,-77.02092938
152.329,1.1438,1.29,80.79302998096682,31.985039791092277,-12.13560688,-77.02092373
152.529,1.0906,1.29,,,-12.13560688,-77.02092373
152.73,1.0906,1.29,,,-12.13560688,-77.02092373
152.93,1.0906,1.29,,,-12.13560688,-77.02092373
153.131,1.1438,1.29,,,-12.13560688,-77.02092373
153.332,1.2502,1.29,81.18274309881963,32.259337361902,-12.13561457,-77.02091967
153.532,1.1438,1.29,,,-12.13561457,-77.02091967
153.732,1.1438,1.29,,,-12.13561457,-77.02091967
153.933,1.1438,1.3,,,-12.13561457,-77.02091967
154.133,1.1969999999999998,1.3,,,-12.13561457,-77.02091967
154.335,1.1969999999999998,1.3,81.56271220766939,32.53234880231321,-12.1356223,-77.0209157
154.535,1.1969999999999998,1.31,,,-12.1356223,-77.0209157
154.734,1.1969999999999998,1.3,,,-12.1356223,-77.0209157
154.934,1.1969999999999998,1.3,,,-12.1356223,-77.0209157
155.137,1.1969999999999998,1.31,,,-12.1356223,-77.0209157
155.219,0,0,81.94304273673333,32.827993349172175,-12.13563097,-77.02091168
155.335,1.1438,1.31,,,-12.13563097,-77.02091168
155.536,1.0373999999999999,1.32,,,-12.13563097,-77.02091168
155.736,1.0373999999999999,1.32,,,-12.13563097,-77.02091168
155.938,0.9044,1.33,,,-12.13563097,-77.02091168
156.138,0.9044,1.34,,,-12.13563097,-77.02091168
156.216,0,0,82.23307114024647,33.13305105268955,-12.1356409,-77.02090845
156.338,0.9044,1.34,,,-12.1356409,-77.02090845
156.54,0.8512,1.34,,,-12.1356409,-77.02090845
156.74,0.7979999999999999,1.35,,,-12.1356409,-77.02090845
156.941,0.8512,1.3599999999999999,,,-12.1356409,-77.02090845
157.141,0.7979999999999999,1.37,,,-12.1356409,-77.02090845
157.221,0,0,82.31328769633546,33.35616606660187,-12.13564943,-77.02090727
157.342,0.8512,1.3900000000000001,,,-12.13564943,-77.02090727
157.543,0.8512,1.4100000000000001,,,-12.13564943,-77.02090727
157.742,0.7979999999999999,1.43,,,-12.13564943,-77.02090727
157.943,0.7447999999999999,1.44,,,-12.13564943,-77.02090727
158.143,0.7447999999999999,1.46,,,-12.13564943,-77.02090727
158.343,0.7979999999999999,1.47,82.36726173269562,33.53341092634946,-12.1356563,-77.02090642
158.544,0.7979999999999999,1.49,,,-12.1356563,-77.02090642
158.744,0.7979999999999999,1.51,,,-12.1356563,-77.02090642
158.944,0.9044,1.53,,,-12.1356563,-77.02090642
159.145,0.9044,1.55,,,-12.1356563,-77.02090642
159.347,0.9044,1.56,82.32918859529309,33.69375851750374,-12.13566335,-77.02090643
159.547,0.9044,1.58,,,-12.13566335,-77.02090643
159.747,0.9576,1.5899999999999999,,,-12.13566335,-77.02090643
159.947,1.0906,1.6099999999999999,,,-12.13566335,-77.02090643
160.148,1.0906,1.63,,,-12.13566335,-77.02090643
160.349,1.0373999999999999,1.6400000000000001,82.26067321444862,33.90874168742448,-12.13567297,-77.0209066
160.549,1.0373999999999999,1.6600000000000001,,,-12.13567297,-77.0209066
160.749,0.9576,1.69,,,-12.13567297,-77.0209066
160.95,1.0373999999999999,1.7000000000000002,,,-12.13567297,-77.0209066
161.156,1.0906,1.73,,,-12.13567297,-77.0209066
161.233,0,0,82.21182177751325,34.13521410152316,-12.13568288,-77.02090657
161.351,1.0906,1.75,,,-12.13568288,-77.02090657
161.551,1.1969999999999998,1.77,,,-12.13568288,-77.02090657
161.752,1.1438,1.79,,,-12.13568288,-77.02090657
161.952,1.0906,1.81,,,-12.13568288,-77.02090657
162.153,1.1438,1.8399999999999999,,,-12.13568288,-77.02090657
162.223,0,0,82.23666922864504,34.39042777940631,-12.13569328,-77.02090582
162.353,1.0373999999999999,1.8599999999999999,,,-12.13569328,-77.02090582
162.553,1.1438,1.8900000000000001,,,-12.13569328,-77.02090582
162.753,1.1969999999999998,1.9100000000000001,,,-12.13569328,-77.02090582
162.955,1.1969999999999998,1.92,,,-12.13569328,-77.02090582
163.154,1.1438,1.94,,,-12.13569328,-77.02090582
163.23,0,0,82.21300081652589,34.66252684034407,-12.13570485,-77.02090547
163.356,1.1969999999999998,1.96,,,-12.13570485,-77.02090547
163.555,1.0906,1.99,,,-12.13570485,-77.02090547
163.757,1.1438,2.01,,,-12.13570485,-77.02090547
163.959,1.0373999999999999,2.03,,,-12.13570485,-77.02090547
164.158,1.1438,2.06,,,-12.13570485,-77.02090547
164.225,0,0,82.0296582984738,34.9352469490841,-12.13571798,-77.02090655
164.358,1.1969999999999998,2.08,,,-12.13571798,-77.02090655
164.558,1.1969999999999998,2.1,,,-12.13571798,-77.02090655
164.759,1.2502,2.13,,,-12.13571798,-77.02090655
164.962,1.0906,2.15,,,-12.13571798,-77.02090655
165.16,1.1438,2.17,,,-12.13571798,-77.02090655
165.36,1.1438,2.19,81.61745794210583,35.16025709360838,-12.13573132,-77.02090978
165.561,1.1969999999999998,2.21,,,-12.13573132,-77.02090978
165.762,1.2502,2.24,,,-12.13573132,-77.02090978
165.962,1.1438,2.26,,,-12.13573132,-77.02090978
166.162,1.1438,2.2800000000000002,,,-12.13573132,-77.02090978
166.363,1.1438,2.3,81.05235307570547,35.32747573405504,-12.13574372,-77.0209145
166.564,1.1438,2.32,,,-12.13574372,-77.0209145
166.764,1.1438,2.34,,,-12.13574372,-77.0209145
166.964,1.1438,2.36,,,-12.13574372,-77.0209145
167.168,1.1438,2.37,,,-12.13574372,-77.0209145
167.365,1.0373999999999999,2.39,80.46226233337075,35.33204628713429,-12.13574958,-77.02091978
167.566,1.0373999999999999,2.4,,,-12.13574958,-77.02091978
167.766,1.0373999999999999,2.42,,,-12.13574958,-77.02091978
167.966,1.0906,2.44,,,-12.13574958,-77.02091978
168.168,1.0373999999999999,2.46,,,-12.13574958,-77.02091978
168.233,0,0,79.73012259812094,35.19784458819777,-12.13575102,-77.02092662
168.368,1.0906,2.48,,,-12.13575102,-77.02092662
168.57,1.0373999999999999,2.49,,,-12.13575102,-77.02092662
168.77,1.0373999999999999,2.52,,,-12.13575102,-77.02092662
168.969,1.0373999999999999,2.54,,,-12.13575102,-77.02092662
169.17,1.0906,2.5700000000000003,,,-12.13575102,-77.02092662
169.222,0,0,78.84660093509592,34.99924521334469,-12.13575123,-77.02093495
169.371,1.0373999999999999,2.59,,,-12.13575123,-77.02093495
169.571,1.0906,2.61,,,-12.13575123,-77.02093495
169.771,1.1438,2.64,,,-12.13575123,-77.02093495
169.972,1.1438,2.66,,,-12.13575123,-77.02093495
170.173,1.1438,2.68,,,-12.13575123,-77.02093495
170.232,0,0,77.76318150456063,34.753133543767035,-12.13575138,-77.02094517
170.373,1.0373999999999999,2.7,,,-12.13575138,-77.02094517
170.573,1.0906,2.71,,,-12.13575138,-77.02094517
170.775,1.0906,2.7199999999999998,,,-12.13575138,-77.02094517
170.974,1.0373999999999999,2.73,,,-12.13575138,-77.02094517
171.174,1.1438,2.75,,,-12.13575138,-77.02094517
171.375,1.0373999999999999,2.76,76.65413746773265,34.50687345676124,-12.13575177,-77.02095562
171.576,1.0906,2.77,,,-12.13575177,-77.02095562
171.776,1.0373999999999999,2.7800000000000002,,,-12.13575177,-77.02095562
171.977,1.0373999999999999,2.8,,,-12.13575177,-77.02095562
172.178,1.0906,2.81,,,-12.13575177,-77.02095562
172.378,1.1438,2.8200000000000003,75.63950026663952,34.320515611208975,-12.13575375,-77.0209651
172.579,1.1438,2.8200000000000003,,,-12.13575375,-77.0209651
172.779,1.1438,2.83,,,-12.13575375,-77.0209651
172.979,1.1969999999999998,2.83,,,-12.13575375,-77.0209651
173.18,1.1969999999999998,2.83,,,-12.13575375,-77.0209651
173.381,1.1438,2.84,74.5877555203624,34.08218479063362,-12.13575392,-77.02097502
173.581,1.1438,2.84,,,-12.13575392,-77.02097502
173.781,1.0906,2.85,,,-12.13575392,-77.02097502
173.982,1.0906,2.85,,,-12.13575392,-77.02097502
174.184,1.1438,2.85,,,-12.13575392,-77.02097502
174.234,0,0,73.58357866271399,33.884324482642114,-12.13575532,-77.02098443
174.382,1.1438,2.86,,,-12.13575532,-77.02098443
174.583,1.1969999999999998,2.86,,,-12.13575532,-77.02098443
174.783,1.1438,2.87,,,-12.13575532,-77.02098443
174.984,1.0906,2.87,,,-12.13575532,-77.02098443
175.186,1.0373999999999999,2.87,,,-12.13575532,-77.02098443
175.226,0,0,72.6212223644834,33.76639171410352,-12.13575965,-77.0209933
175.384,1.1438,2.88,,,-12.13575965,-77.0209933
175.585,1.1438,2.89,,,-12.13575965,-77.0209933
175.785,1.1438,2.9,,,-12.13575965,-77.0209933
176.186,1.1438,2.9,,,-12.13575965,-77.0209933
176.227,0,0,71.67600065888837,33.666082225739956,-12.13576455,-77.02100198
176.387,1.1438,2.9,,,-12.13576455,-77.02100198
176.589,1.1438,2.9,,,-12.13576455,-77.02100198
176.788,1.1969999999999998,2.9,,,-12.13576455,-77.02100198
176.99,1.1969999999999998,2.89,,,-12.13576455,-77.02100198
177.191,1.1438,2.89,,,-12.13576455,-77.02100198
177.236,0,0,70.68317707930692,33.53513036482036,-12.13576863,-77.02101115
177.394,1.1438,2.89,,,-12.13576863,-77.02101115
177.591,1.0906,2.89,,,-12.13576863,-77.02101115
177.791,1.0906,2.89,,,-12.13576863,-77.02101115
177.993,1.1438,2.89,,,-12.13576863,-77.02101115
178.192,1.0906,2.89,,,-12.13576863,-77.02101115
178.225,0,0,69.7397743423935,33.41724855359644,-12.13577278,-77.02101985
178.393,1.1969999999999998,2.89,,,-12.13577278,-77.02101985
178.593,1.1969999999999998,2.89,,,-12.13577278,-77.02101985
178.794,1.1438,2.89,,,-12.13577278,-77.02101985
178.994,1.1438,2.89,,,-12.13577278,-77.02101985
179.195,1.1438,2.89,,,-12.13577278,-77.02101985
179.395,1.1438,2.89,68.80273684486747,33.305631848052144,-12.13577713,-77.02102848
179.595,1.1438,2.89,,,-12.13577713,-77.02102848
179.795,1.1438,2.89,,,-12.13577713,-77.02102848
179.996,1.1438,2.89,,,-12.13577713,-77.02102848
180.196,1.0906,2.88,,,-12.13577713,-77.02102848
180.24,0,0,67.83169586816803,33.186657939106226,-12.1357815,-77.02103743
180.398,1.0373999999999999,2.88,,,-12.1357815,-77.02103743
180.597,1.0373999999999999,2.88,,,-12.1357815,-77.02103743
180.799,1.0906,2.88,,,-12.1357815,-77.02103743
181,1.0906,2.88,,,-12.1357815,-77.02103743
181.2,1.1438,2.88,,,-12.1357815,-77.02103743
181.228,0,0,66.90195934753865,33.07240627054125,-12.13578567,-77.021046
181.4,1.0906,2.88,,,-12.13578567,-77.021046
181.601,1.0906,2.88,,,-12.13578567,-77.021046
181.801,1.0906,2.88,,,-12.13578567,-77.021046
182.003,1.0906,2.87,,,-12.13578567,-77.021046
182.201,1.1438,2.87,,,-12.13578567,-77.021046
182.233,0,0,65.94945797743276,32.93107765354216,-12.13578893,-77.02105483
182.402,1.0906,2.87,,,-12.13578893,-77.02105483
182.602,1.1438,2.87,,,-12.13578893,-77.02105483
182.805,1.1438,2.87,,,-12.13578893,-77.02105483
183.003,1.1438,2.87,,,-12.13578893,-77.02105483
183.204,1.0906,2.87,,,-12.13578893,-77.02105483
183.232,0,0,64.96440458926372,32.76641365233809,-12.13579153,-77.021064
183.404,1.0906,2.87,,,-12.13579153,-77.021064
183.605,0.9576,2.88,,,-12.13579153,-77.021064
183.805,1.0906,2.88,,,-12.13579153,-77.021064
184.005,1.0906,2.88,,,-12.13579153,-77.021064
184.206,1.0906,2.88,,,-12.13579153,-77.021064
184.232,0,0,63.99302672361955,32.61017941869795,-12.13579435,-77.02107303
184.407,1.0906,2.88,,,-12.13579435,-77.02107303
184.607,1.0373999999999999,2.88,,,-12.13579435,-77.02107303
184.811,1.0906,2.89,,,-12.13579435,-77.02107303
185.009,1.0906,2.89,,,-12.13579435,-77.02107303
185.223,1.0906,2.9,,,-12.13579435,-77.02107303
185.409,1.1969999999999998,2.9,63.03720515128225,32.44937442149967,-12.13579683,-77.02108193
185.61,1.2502,2.9,,,-12.13579683,-77.02108193
185.811,1.1438,2.9,,,-12.13579683,-77.02108193
186.01,1.1438,2.9,,,-12.13579683,-77.02108193
186.213,1.1438,2.9,,,-12.13579683,-77.02108193
186.234,0,0,62.36321754916571,32.4355702791363,-12.13580273,-77.021088
186.412,1.1438,2.9,,,-12.13580273,-77.021088
186.613,1.1438,2.9,,,-12.13580273,-77.021088
186.812,1.1438,2.9,,,-12.13580273,-77.021088
187.013,1.1969999999999998,2.9,,,-12.13580273,-77.021088
187.214,1.1438,2.9,,,-12.13580273,-77.021088
187.238,0,0,61.4820896750316,32.352434104308486,-12.13580773,-77.02109607
187.415,1.1438,2.9,,,-12.13580773,-77.02109607
187.615,1.1438,2.9,,,-12.13580773,-77.02109607
187.815,1.0906,2.9,,,-12.13580773,-77.02109607
188.015,1.1969999999999998,2.9,,,-12.13580773,-77.02109607
188.226,1.1969999999999998,2.91,,,-12.13580773,-77.02109607
188.231,0,0,60.42842109291814,32.21441760379821,-12.1358121,-77.0211058
188.416,1.2502,2.91,,,-12.1358121,-77.0211058
188.617,1.1969999999999998,2.91,,,-12.1358121,-77.0211058
188.818,1.1969999999999998,2.91,,,-12.1358121,-77.0211058
189.018,1.1969999999999998,2.91,,,-12.1358121,-77.0211058
189.221,1.1438,2.91,59.301504188682884,32.00698239821941,-12.13581428,-77.02111633
189.419,1.1438,2.92,,,-12.13581428,-77.02111633
189.619,1.1969999999999998,2.92,,,-12.13581428,-77.02111633
189.82,1.1438,2.92,,,-12.13581428,-77.02111633
190.02,1.1438,2.92,,,-12.13581428,-77.02111633
190.227,1.1438,2.92,58.25451860507019,31.820608804933727,-12.13581657,-77.0211261
190.422,1.0906,2.92,,,-12.13581657,-77.0211261
190.622,1.1438,2.92,,,-12.13581657,-77.0211261
190.823,1.1969999999999998,2.92,,,-12.13581657,-77.0211261
191.023,1.1438,2.92,,,-12.13581657,-77.0211261
191.223,1.1969999999999998,2.91,57.239198516123,31.63721557892859,-12.13581868,-77.02113558
191.425,1.1969999999999998,2.91,,,-12.13581868,-77.02113558
191.625,1.1438,2.91,,,-12.13581868,-77.02113558
191.825,1.1438,2.92,,,-12.13581868,-77.02113558
192.025,1.1438,2.92,,,-12.13581868,-77.02113558
192.23,1.1438,2.92,,,-12.13581868,-77.02113558
192.426,1.1969999999999998,2.91,56.32812781468965,31.456499367952347,-12.1358199,-77.02114412
192.627,1.1438,2.91,,,-12.1358199,-77.02114412
192.827,1.1438,2.91,,,-12.1358199,-77.02114412
193.028,1.1438,2.92,,,-12.1358199,-77.02114412
193.228,1.1969999999999998,2.92,55.359819502104074,31.27242684364319,-12.13582153,-77.02115318
193.429,1.1438,2.92,,,-12.13582153,-77.02115318
193.633,1.1438,2.92,,,-12.13582153,-77.02115318
193.83,1.1969999999999998,2.92,,,-12.13582153,-77.02115318
194.031,1.1969999999999998,2.92,,,-12.13582153,-77.02115318
194.231,1.1438,2.92,54.33792407508008,31.08368036337197,-12.13582348,-77.02116273
194.432,1.1438,2.92,,,-12.13582348,-77.02116273
194.632,1.1438,2.93,,,-12.13582348,-77.02116273
194.832,1.1438,2.92,,,-12.13582348,-77.02116273
195.035,1.1969999999999998,2.92,,,-12.13582348,-77.02116273
195.233,1.1438,2.92,53.181821080856025,30.814104196615517,-12.13582335,-77.02117365
195.435,1.1438,2.91,,,-12.13582335,-77.02117365
195.634,1.1438,2.91,,,-12.13582335,-77.02117365
195.839,1.0906,2.9,,,-12.13582335,-77.02117365
196.036,1.1438,2.9,,,-12.13582335,-77.02117365
196.236,1.1438,2.89,52.055756009416655,30.554569981060922,-12.13582335,-77.02118428
196.438,1.1969999999999998,2.89,,,-12.13582335,-77.02118428
196.636,1.1969999999999998,2.88,,,-12.13582335,-77.02118428
196.838,1.1438,2.88,,,-12.13582335,-77.02118428
197.037,1.0906,2.88,,,-12.13582335,-77.02118428
197.238,1.0373999999999999,2.88,50.90800722525455,30.306830895133317,-12.13582405,-77.02119508
197.439,1.0906,2.88,,,-12.13582405,-77.02119508
197.639,1.0373999999999999,2.88,,,-12.13582405,-77.02119508
197.839,1.1438,2.88,,,-12.13582405,-77.02119508
198.041,1.0373999999999999,2.88,,,-12.13582405,-77.02119508
198.24,1.0373999999999999,2.88,49.807983935112134,30.098878950811923,-12.13582595,-77.02120537
198.441,1.0373999999999999,2.88,,,-12.13582595,-77.02120537
198.642,1.0373999999999999,2.88,,,-12.13582595,-77.02120537
198.843,1.0373999999999999,2.88,,,-12.13582595,-77.02120537
199.043,1.0373999999999999,2.87,,,-12.13582595,-77.02120537
199.245,1.0373999999999999,2.87,48.732701959554106,29.899748167954385,-12.13582798,-77.02121542
199.443,1.0906,2.87,,,-12.13582798,-77.02121542
199.645,1.0906,2.87,,,-12.13582798,-77.02121542
199.846,1.0906,2.87,,,-12.13582798,-77.02121542
200.046,1.0906,2.87,,,-12.13582798,-77.02121542
200.247,1.0373999999999999,2.87,47.60990771651268,29.688947377726436,-12.13582998,-77.02122592
200.447,1.1438,2.87,,,-12.13582998,-77.02122592
200.647,1.1438,2.87,,,-12.13582998,-77.02122592
200.848,1.1438,2.88,,,-12.13582998,-77.02122592
201.05,1.1969999999999998,2.88,,,-12.13582998,-77.02122592
201.248,1.0906,2.88,46.33843075949699,29.44076012726873,-12.13583185,-77.02123783
201.448,1.1438,2.88,,,-12.13583185,-77.02123783
201.649,1.0373999999999999,2.88,,,-12.13583185,-77.02123783
201.85,1.1438,2.88,,,-12.13583185,-77.02123783
202.049,1.0906,2.88,,,-12.13583185,-77.02123783
202.251,1.1438,2.88,45.21647978294641,29.255342992953956,-12.1358349,-77.02124827
202.652,1.0906,2.88,,,-12.1358349,-77.02124827
202.852,1.0906,2.88,,,-12.1358349,-77.02124827
203.053,1.1969999999999998,2.88,,,-12.1358349,-77.02124827
203.255,1.1969999999999998,2.88,44.1317195573356,29.082815803587437,-12.13583813,-77.02125835
203.454,1.2502,2.88,,,-12.13583813,-77.02125835
203.654,1.1969999999999998,2.88,,,-12.13583813,-77.02125835
203.855,1.1969999999999998,2.87,,,-12.13583813,-77.02125835
204.055,1.0906,2.88,,,-12.13583813,-77.02125835
204.256,1.0906,2.88,42.70516062877141,28.800805626437068,-12.13584008,-77.02127172
204.456,1.0373999999999999,2.88,,,-12.13584008,-77.02127172
204.656,1.0373999999999999,2.88,,,-12.13584008,-77.02127172
204.857,1.0373999999999999,2.87,,,-12.13584008,-77.02127172
205.057,1.1438,2.87,,,-12.13584008,-77.02127172
205.259,1.1438,2.87,41.48037699772976,28.524278534576297,-12.13584032,-77.02128327
205.458,1.0373999999999999,2.87,,,-12.13584032,-77.02128327
205.659,1.0373999999999999,2.87,,,-12.13584032,-77.02128327
205.859,1.0906,2.88,,,-12.13584032,-77.02128327
206.061,1.0373999999999999,2.88,,,-12.13584032,-77.02128327
206.262,1.0906,2.88,40.388558889273554,28.261364713311195,-12.13583985,-77.0212936
206.461,1.0906,2.88,,,-12.13583985,-77.0212936
206.661,1.1438,2.88,,,-12.13583985,-77.0212936
206.863,1.0906,2.88,,,-12.13583985,-77.0212936
207.062,1.0906,2.88,,,-12.13583985,-77.0212936
207.264,1.1438,2.88,39.22044716728851,27.942244333215058,-12.13583777,-77.02130473
207.464,1.0906,2.88,,,-12.13583777,-77.02130473
207.664,1.1438,2.88,,,-12.13583777,-77.02130473
207.864,1.1969999999999998,2.89,,,-12.13583777,-77.02130473
208.066,1.1438,2.88,,,-12.13583777,-77.02130473
208.265,1.1438,2.88,38.13124468969181,27.66314123570919,-12.1358366,-77.02131507
208.466,1.1438,2.89,,,-12.1358366,-77.02131507
208.666,1.1438,2.89,,,-12.1358366,-77.02131507
208.867,1.1438,2.89,,,-12.1358366,-77.02131507
209.067,1.1438,2.89,,,-12.1358366,-77.02131507
209.267,1.1969999999999998,2.89,36.96271357615478,27.428127320483327,-12.13583803,-77.02132603
209.469,1.1969999999999998,2.89,,,-12.13583803,-77.02132603
209.668,1.1438,2.9,,,-12.13583803,-77.02132603
209.881,1.1438,2.9,,,-12.13583803,-77.02132603
210.07,1.0906,2.9,,,-12.13583803,-77.02132603
210.27,1.0906,2.9,35.96013613068499,27.291095498017967,-12.13584195,-77.0213353
210.472,1.0906,2.9,,,-12.13584195,-77.0213353
210.671,1.1438,2.9,,,-12.13584195,-77.0213353
210.871,1.1438,2.9,,,-12.13584195,-77.0213353
211.073,1.0906,2.9,,,-12.13584195,-77.0213353
211.473,1.1438,2.9,35.46721983910538,27.36292801052332,-12.13584968,-77.02133957
211.675,1.0906,2.9,,,-12.13584968,-77.02133957
211.874,1.0906,2.9,,,-12.13584968,-77.02133957
212.074,1.1438,2.9,,,-12.13584968,-77.02133957
212.276,1.1438,2.9,34.76757371914573,27.358806957490742,-12.13585623,-77.02134585
212.475,1.0906,2.9,,,-12.13585623,-77.02134585
212.681,1.1438,2.9,,,-12.13585623,-77.02134585
212.876,1.0906,2.9,,,-12.13585623,-77.02134585
213.077,1.0906,2.9,,,-12.13585623,-77.02134585
213.278,1.1438,2.89,33.899858594406396,27.285243808291852,-12.1358615,-77.02135378
213.478,1.1438,2.89,,,-12.1358615,-77.02135378
213.679,1.1969999999999998,2.88,,,-12.1358615,-77.02135378
213.879,1.1969999999999998,2.89,,,-12.1358615,-77.02135378
214.079,1.1969999999999998,2.89,,,-12.1358615,-77.02135378
214.28,1.1969999999999998,2.89,32.937162136659026,27.18331282120198,-12.1358665,-77.02136262
214.48,1.1438,2.89,,,-12.1358665,-77.02136262
214.681,1.1969999999999998,2.89,,,-12.1358665,-77.02136262
214.881,1.2502,2.9,,,-12.1358665,-77.02136262
215.082,1.1969999999999998,2.9,,,-12.1358665,-77.02136262
215.283,1.1438,2.9,32.15727217984386,27.1062420476228,-12.13587078,-77.02136977
215.484,1.1969999999999998,2.9,,,-12.13587078,-77.02136977
215.685,1.0906,2.9,,,-12.13587078,-77.02136977
215.885,1.1969999999999998,2.91,,,-12.13587078,-77.02136977
216.086,1.1969999999999998,2.91,,,-12.13587078,-77.02136977
216.286,1.1969999999999998,2.91,31.498834082856774,27.029815107584,-12.13587392,-77.02137583
216.487,1.1969999999999998,2.91,,,-12.13587392,-77.02137583
216.686,1.1438,2.91,,,-12.13587392,-77.02137583
216.888,1.1969999999999998,2.91,,,-12.13587392,-77.02137583
217.088,1.1438,2.91,,,-12.13587392,-77.02137583
217.289,1.0906,2.92,30.700614584377035,26.974188771098852,-12.13587927,-77.0213831
217.488,1.1438,2.92,,,-12.13587927,-77.0213831
217.691,1.1969999999999998,2.91,,,-12.13587927,-77.0213831
217.889,1.1969999999999998,2.91,,,-12.13587927,-77.0213831
218.089,1.2502,2.91,,,-12.13587927,-77.0213831
218.303,1.2502,2.9,29.802231417503208,26.893318321555853,-12.13588453,-77.02139132
218.49,1.1969999999999998,2.9,,,-12.13588453,-77.02139132
218.891,1.1438,2.89,,,-12.13588453,-77.02139132
219.092,1.1969999999999998,2.88,,,-12.13588453,-77.02139132
219.294,1.1438,2.88,28.917372265597805,26.79733301885426,-12.13588903,-77.02139945
219.493,1.1969999999999998,2.88,,,-12.13588903,-77.02139945
219.694,1.1438,2.88,,,-12.13588903,-77.02139945
219.896,1.1438,2.88,,,-12.13588903,-77.02139945
220.099,1.1438,2.88,,,-12.13588903,-77.02139945
220.224,0,0,27.59141001245007,26.65486057009548,-12.13589583,-77.02141163
220.295,1.1969999999999998,2.87,,,-12.13589583,-77.02141163
220.496,1.2502,2.87,,,-12.13589583,-77.02141163
220.697,1.1969999999999998,2.87,,,-12.13589583,-77.02141163
220.897,1.1969999999999998,2.87,,,-12.13589583,-77.02141163
221.098,1.1438,2.87,,,-12.13589583,-77.02141163
221.299,1.1969999999999998,2.87,26.58800514554605,26.55530350934714,-12.13590132,-77.02142083
221.5,1.2502,2.87,,,-12.13590132,-77.02142083
221.699,1.2502,2.87,,,-12.13590132,-77.02142083
221.899,1.1969999999999998,2.87,,,-12.13590132,-77.02142083
222.1,1.1969999999999998,2.87,,,-12.13590132,-77.02142083
222.301,1.1969999999999998,2.87,25.50264250044711,26.399913708679378,-12.13590527,-77.02143088
222.501,1.1969999999999998,2.87,,,-12.13590527,-77.02143088
222.701,1.1969999999999998,2.87,,,-12.13590527,-77.02143088
222.901,1.2502,2.87,,,-12.13590527,-77.02143088
223.101,1.1969999999999998,2.87,,,-12.13590527,-77.02143088
223.303,1.1969999999999998,2.87,24.404496772913262,26.232222066260874,-12.13590883,-77.02144107
223.502,1.1438,2.88,,,-12.13590883,-77.02144107
223.703,1.1438,2.88,,,-12.13590883,-77.02144107
223.905,1.1969999999999998,2.88,,,-12.13590883,-77.02144107
224.104,1.1969999999999998,2.88,,,-12.13590883,-77.02144107
224.305,1.1969999999999998,2.88,23.501232729526237,26.0369975278154,-12.13590937,-77.02144957
224.506,1.1969999999999998,2.88,,,-12.13590937,-77.02144957
224.706,1.2502,2.88,,,-12.13590937,-77.02144957
224.908,1.1969999999999998,2.89,,,-12.13590937,-77.02144957
225.107,1.2502,2.88,,,-12.13590937,-77.02144957
225.308,1.1969999999999998,2.88,22.556868240935728,25.860368259251118,-12.13591108,-77.0214584
225.508,1.3299999999999998,2.88,,,-12.13591108,-77.0214584
225.709,1.2502,2.88,,,-12.13591108,-77.0214584
225.909,1.2502,2.88,,,-12.13591108,-77.0214584
226.114,1.2502,2.88,,,-12.13591108,-77.0214584
226.311,1.2502,2.88,21.587268677772954,25.72062443010509,-12.13591457,-77.02146738
226.512,1.1969999999999998,2.88,,,-12.13591457,-77.02146738
226.711,1.2502,2.88,,,-12.13591457,-77.02146738
226.911,1.2502,2.88,,,-12.13591457,-77.02146738
227.111,1.1438,2.88,,,-12.13591457,-77.02146738
227.209,0,0,20.608082646504045,25.578911252319813,-12.13591807,-77.02147645
227.311,1.1438,2.88,,,-12.13591807,-77.02147645
227.516,1.1438,2.88,,,-12.13591807,-77.02147645
227.713,1.1438,2.88,,,-12.13591807,-77.02147645
227.913,1.1438,2.88,,,-12.13591807,-77.02147645
228.113,1.2502,2.88,,,-12.13591807,-77.02147645
228.314,1.1969999999999998,2.88,19.48843609634787,25.48998863529414,-12.13592512,-77.02148667
228.515,1.1969999999999998,2.89,,,-12.13592512,-77.02148667
228.716,1.1969999999999998,2.9,,,-12.13592512,-77.02148667
228.918,1.1969999999999998,2.9,,,-12.13592512,-77.02148667
229.115,1.2502,2.91,,,-12.13592512,-77.02148667
229.316,1.2502,2.91,18.434807459358126,25.40020868368447,-12.1359315,-77.0214963
229.516,1.2502,2.91,,,-12.1359315,-77.0214963
229.718,1.1969999999999998,2.92,,,-12.1359315,-77.0214963
229.919,1.1438,2.92,,,-12.1359315,-77.0214963
230.119,1.1969999999999998,2.93,,,-12.1359315,-77.0214963
230.319,1.1969999999999998,2.93,17.394974635681137,25.298974934965372,-12.13593727,-77.02150583
230.519,1.1969999999999998,2.93,,,-12.13593727,-77.02150583
230.72,1.3832,2.94,,,-12.13593727,-77.02150583
230.921,1.3832,2.94,,,-12.13593727,-77.02150583
231.12,1.4364,2.95,,,-12.13593727,-77.02150583
231.322,1.4364,2.95,16.357618649257347,25.191835093311965,-12.13594277,-77.02151535
231.522,1.3832,2.95,,,-12.13594277,-77.02151535
231.723,1.4895999999999998,2.95,,,-12.13594277,-77.02151535
231.923,1.4364,2.95,,,-12.13594277,-77.02151535
232.124,1.3832,2.95,,,-12.13594277,-77.02151535
232.323,1.3832,2.95,15.131603113375604,25.01746498886496,-12.13594728,-77.0215267
232.525,1.3299999999999998,2.95,,,-12.13594728,-77.0215267
232.724,1.3832,2.95,,,-12.13594728,-77.0215267
232.925,1.3832,2.95,,,-12.13594728,-77.0215267
233.126,1.4364,2.95,,,-12.13594728,-77.0215267
233.233,0,0,13.963640617905185,24.857434374280274,-12.13595183,-77.0215375
233.327,1.4364,2.95,,,-12.13595183,-77.0215375
233.526,1.3299999999999998,2.95,,,-12.13595183,-77.0215375
233.728,1.3832,2.96,,,-12.13595183,-77.0215375
233.927,1.4364,2.96,,,-12.13595183,-77.0215375
234.128,1.3832,2.9699999999999998,,,-12.13595183,-77.0215375
234.229,0,0,12.617914110654965,24.597420047968626,-12.13595392,-77.0215501
234.329,1.3832,2.9699999999999998,,,-12.13595392,-77.0215501
234.529,1.3299999999999998,2.98,,,-12.13595392,-77.0215501
234.729,1.3832,2.98,,,-12.13595392,-77.0215501
234.934,1.3299999999999998,2.98,,,-12.13595392,-77.0215501
235.131,1.3832,2.98,,,-12.13595392,-77.0215501
235.331,1.4364,2.99,11.209760806523263,24.279117516241968,-12.13595418,-77.02156338
235.531,1.3299999999999998,2.99,,,-12.13595418,-77.02156338
235.732,1.3299999999999998,3,,,-12.13595418,-77.02156338
235.932,1.3299999999999998,3,,,-12.13595418,-77.02156338
236.134,1.2502,3,,,-12.13595418,-77.02156338
236.335,1.2502,3,9.809352955780923,23.94172951579094,-12.13595357,-77.02157663
236.535,1.2502,3,,,-12.13595357,-77.02157663
236.736,1.1969999999999998,3,,,-12.13595357,-77.02157663
236.936,1.1969999999999998,3,,,-12.13595357,-77.02157663
237.137,1.1969999999999998,2.99,,,-12.13595357,-77.02157663
237.337,1.1969999999999998,2.99,8.433763445587829,23.598306889645755,-12.13595247,-77.02158967
237.538,1.1969999999999998,2.99,,,-12.13595247,-77.02158967
237.74,1.3299999999999998,2.98,,,-12.13595247,-77.02158967
237.939,1.3299999999999998,2.98,,,-12.13595247,-77.02158967
238.141,1.3832,2.9699999999999998,,,-12.13595247,-77.02158967
238.341,1.3832,2.9699999999999998,6.958328554872423,23.257302054204047,-12.13595243,-77.0216036
238.54,1.3832,2.9699999999999998,,,-12.13595243,-77.0216036
238.739,1.4364,2.96,,,-12.13595243,-77.0216036
238.939,1.4364,2.95,,,-12.13595243,-77.0216036
239.143,1.4364,2.95,,,-12.13595243,-77.0216036
239.215,0,0,5.426255563972518,22.94906422123313,-12.1359543,-77.02161797
239.341,1.3832,2.95,,,-12.1359543,-77.02161797
239.541,1.3832,2.95,,,-12.1359543,-77.02161797
239.743,1.3832,2.94,,,-12.1359543,-77.02161797
239.942,1.3832,2.93,,,-12.1359543,-77.02161797
240.143,1.3832,2.92,,,-12.1359543,-77.02161797
240.231,0,0,3.7658462098333985,22.611968734301627,-12.1359562,-77.02163355
240.345,1.3832,2.92,,,-12.1359562,-77.02163355
240.545,1.3299999999999998,2.92,,,-12.1359562,-77.02163355
240.745,1.3832,2.92,,,-12.1359562,-77.02163355
240.947,1.3832,2.91,,,-12.1359562,-77.02163355
241.146,1.4364,2.91,,,-12.1359562,-77.02163355
241.228,0,0,2.6065925958100706,22.438354364596307,-12.1359601,-77.0216443
241.347,1.4895999999999998,2.91,,,-12.1359601,-77.0216443
241.548,1.3832,2.91,,,-12.1359601,-77.0216443
241.749,1.4364,2.91,,,-12.1359601,-77.0216443
241.949,1.4364,2.91,,,-12.1359601,-77.0216443
242.15,1.3832,2.91,,,-12.1359601,-77.0216443
242.349,1.4895999999999998,2.91,1.9724476411938667,22.35817412286997,-12.13596285,-77.02165015
242.55,1.4364,2.92,,,-12.13596285,-77.02165015
242.75,1.3832,2.93,,,-12.13596285,-77.02165015
242.951,1.3832,2.93,,,-12.13596285,-77.02165015
243.15,1.3832,2.94,,,-12.13596285,-77.02165015
243.352,1.3299999999999998,2.95,1.1191638999152929,22.246200897730887,-12.13596638,-77.02165803
243.551,1.3832,2.96,,,-12.13596638,-77.02165803
243.952,1.2502,2.9699999999999998,,,-12.13596638,-77.02165803
244.153,1.1438,2.9699999999999998,,,-12.13596638,-77.02165803
244.353,1.1969999999999998,2.9699999999999998,0.03170662675984204,22.075699843466282,-12.13596972,-77.02166813
244.554,1.1969999999999998,2.96,,,-12.13596972,-77.02166813
244.755,1.1969999999999998,2.96,,,-12.13596972,-77.02166813
244.956,1.1438,2.95,,,-12.13596972,-77.02166813
245.156,1.1969999999999998,2.94,,,-12.13596972,-77.02166813
245.223,0,0,-0.9528510442469269,21.894369242712855,-12.13597162,-77.02167733
245.357,1.0906,2.94,,,-12.13597162,-77.02167733
245.557,1.0906,2.94,,,-12.13597162,-77.02167733
245.758,1.1438,2.93,,,-12.13597162,-77.02167733
245.958,1.1969999999999998,2.93,,,-12.13597162,-77.02167733
246.158,1.1969999999999998,2.93,,,-12.13597162,-77.02167733
246.219,0,0,-2.107876760652289,21.716932388953865,-12.13597532,-77.02168805
246.36,1.1438,2.93,,,-12.13597532,-77.02168805
246.561,1.0906,2.94,,,-12.13597532,-77.02168805
246.761,1.1438,2.94,,,-12.13597532,-77.02168805
246.961,1.0906,2.94,,,-12.13597532,-77.02168805
247.162,1.1438,2.94,,,-12.13597532,-77.02168805
247.222,0,0,-3.0085561401210725,21.544378120452166,-12.13597678,-77.02169648
247.363,1.1438,2.94,,,-12.13597678,-77.02169648
247.561,1.1969999999999998,2.94,,,-12.13597678,-77.02169648
247.762,1.1969999999999998,2.94,,,-12.13597678,-77.02169648
247.962,0.9576,2.94,,,-12.13597678,-77.02169648
248.164,0.9576,2.94,,,-12.13597678,-77.02169648
248.22,0,0,-3.655472533078864,21.403440206311643,-12.13597712,-77.02170257
248.363,1.0373999999999999,2.94,,,-12.13597712,-77.02170257
248.563,1.1969999999999998,2.93,,,-12.13597712,-77.02170257
248.766,1.3299999999999998,2.92,,,-12.13597712,-77.02170257
248.964,1.3299999999999998,2.92,,,-12.13597712,-77.02170257
249.165,1.2502,2.91,,,-12.13597712,-77.02170257
249.366,1.1438,2.91,-4.815209221560508,21.144792926497757,-12.13597748,-77.0217135
249.567,1.0906,2.9,,,-12.13597748,-77.0217135
249.768,1.0906,2.9,,,-12.13597748,-77.0217135
249.967,1.3299999999999998,2.9,,,-12.13597748,-77.0217135
250.17,1.5959999999999999,2.9,,,-12.13597748,-77.0217135
250.368,1.6758,2.9,-6.0932944843079895,20.847835006192327,-12.13597738,-77.02172557
250.569,1.5428,2.91,,,-12.13597738,-77.02172557
250.77,1.5959999999999999,2.91,,,-12.13597738,-77.02172557
250.97,1.5959999999999999,2.92,,,-12.13597738,-77.02172557
251.18,1.7289999999999999,2.92,,,-12.13597738,-77.02172557
251.371,1.7289999999999999,2.92,-7.40064205089584,20.585875222459435,-12.13597902,-77.02173783
251.572,1.6758,2.92,,,-12.13597902,-77.02173783
251.772,1.7289999999999999,2.92,,,-12.13597902,-77.02173783
251.972,1.7822,2.93,,,-12.13597902,-77.02173783
252.174,1.8354,2.93,,,-12.13597902,-77.02173783
252.229,0,0,-8.795348174404353,20.349602485075593,-12.13598257,-77.02175082
252.373,1.8354,2.92,,,-12.13598257,-77.02175082
252.578,1.8354,2.93,,,-12.13598257,-77.02175082
252.774,1.7289999999999999,2.92,,,-12.13598257,-77.02175082
252.975,1.8354,2.93,,,-12.13598257,-77.02175082
253.175,1.6758,2.93,,,-12.13598257,-77.02175082
253.228,0,0,-10.432093589799479,20.093772075138986,-12.13598763,-77.02176602
253.376,1.5959999999999999,2.93,,,-12.13598763,-77.02176602
253.576,1.5428,2.94,,,-12.13598763,-77.02176602
253.777,1.5959999999999999,2.94,,,-12.13598763,-77.02176602
253.989,1.5428,2.94,,,-12.13598763,-77.02176602
254.178,1.4895999999999998,2.94,,,-12.13598763,-77.02176602
254.223,0,0,-12.062974242959172,19.831857020035386,-12.13599238,-77.02178118
254.378,1.4364,2.94,,,-12.13599238,-77.02178118
254.581,1.4895999999999998,2.94,,,-12.13599238,-77.02178118
254.779,1.4364,2.95,,,-12.13599238,-77.02178118
254.979,1.4895999999999998,2.94,,,-12.13599238,-77.02178118
255.182,1.5428,2.94,,,-12.13599238,-77.02178118
255.226,0,0,-13.631429184693843,19.545946158468723,-12.13599553,-77.02179583
255.381,1.5959999999999999,2.94,,,-12.13599553,-77.02179583
255.581,1.5428,2.94,,,-12.13599553,-77.02179583
255.782,1.6758,2.94,,,-12.13599553,-77.02179583
255.982,1.6758,2.94,,,-12.13599553,-77.02179583
256.182,1.7822,2.94,,,-12.13599553,-77.02179583
256.384,1.7289999999999999,2.94,-15.266677953535691,19.21585439145565,-12.13599748,-77.02181117
256.583,1.7289999999999999,2.94,,,-12.13599748,-77.02181117
256.784,1.8354,2.94,,,-12.13599748,-77.02181117
256.984,1.8354,2.95,,,-12.13599748,-77.02181117
257.186,1.7822,2.96,,,-12.13599748,-77.02181117
257.386,1.8354,2.98,-17.140813792822883,18.79928110539913,-12.13599812,-77.02182883
257.586,1.8885999999999998,3,,,-12.13599812,-77.02182883
257.788,1.9418,3.01,,,-12.13599812,-77.02182883
257.987,1.8885999999999998,3.03,,,-12.13599812,-77.02182883
258.187,1.8885999999999998,3.05,,,-12.13599812,-77.02182883
258.229,0,0,-18.6449941014871,18.432945985347033,-12.1359973,-77.02184307
258.388,1.9418,3.09,,,-12.1359973,-77.02184307
258.589,2.0747999999999998,3.12,,,-12.1359973,-77.02184307
258.79,2.0747999999999998,3.16,,,-12.1359973,-77.02184307
258.99,1.9418,3.2,,,-12.1359973,-77.02184307
259.192,1.8885999999999998,3.24,,,-12.1359973,-77.02184307
259.215,0,0,-19.86752810725011,18.170864258892834,-12.13599812,-77.02185457
259.392,2.0216,3.2800000000000002,,,-12.13599812,-77.02185457
259.592,2.0216,3.32,,,-12.13599812,-77.02185457
259.794,1.9418,3.36,,,-12.13599812,-77.02185457
260.195,2.0747999999999998,3.45,,,-12.13599812,-77.02185457
260.216,0,0,-21.317203189479187,17.872987284325063,-12.13599963,-77.02186818
260.394,2.0216,3.49,,,-12.13599963,-77.02186818
260.595,2.0216,3.5300000000000002,,,-12.13599963,-77.02186818
260.796,2.0216,3.5700000000000003,,,-12.13599963,-77.02186818
260.996,2.0747999999999998,3.6,,,-12.13599963,-77.02186818
261.196,2.0216,3.63,,,-12.13599963,-77.02186818
261.216,0,0,-22.959287922130898,17.485426413826644,-12.13599925,-77.0218837
261.405,1.9418,3.67,,,-12.13599925,-77.0218837
261.596,1.7822,3.71,,,-12.13599925,-77.0218837
261.796,1.8354,3.75,,,-12.13599925,-77.0218837
261.998,1.8354,3.7800000000000002,,,-12.13599925,-77.0218837
262.197,1.8885999999999998,3.8,,,-12.13599925,-77.0218837
262.222,0,0,-24.55516488896683,17.03774594794959,-12.13599592,-77.02189893
262.398,1.9418,3.8200000000000003,,,-12.13599592,-77.02189893
262.599,1.8354,3.84,,,-12.13599592,-77.02189893
262.809,1.7289999999999999,3.87,,,-12.13599592,-77.02189893
262.999,1.6758,3.91,,,-12.13599592,-77.02189893
263.203,1.7289999999999999,3.94,,,-12.13599592,-77.02189893
263.4,1.7289999999999999,3.9699999999999998,-25.75699353357777,16.642257196828723,-12.13599098,-77.02191052
263.601,1.7822,4,,,-12.13599098,-77.02191052
263.802,1.6758,4.03,,,-12.13599098,-77.02191052
264.003,1.7289999999999999,4.06,,,-12.13599098,-77.02191052
264.206,1.7289999999999999,4.09,,,-12.13599098,-77.02191052
264.221,0,0,-26.861689657438546,16.183511592447758,-12.13598247,-77.02192137
264.404,1.8354,4.13,,,-12.13598247,-77.02192137
264.604,1.7822,4.16,,,-12.13598247,-77.02192137
264.804,1.6758,4.19,,,-12.13598247,-77.02192137
265.005,1.7289999999999999,4.22,,,-12.13598247,-77.02192137
265.211,1.7822,4.25,,,-12.13598247,-77.02192137
265.224,0,0,-27.89862978993915,15.692162718623877,-12.13597195,-77.02193168
265.407,1.7822,4.29,,,-12.13597195,-77.02193168
265.606,1.7822,4.32,,,-12.13597195,-77.02193168
265.807,1.6758,4.35,,,-12.13597195,-77.02193168
266.006,1.7289999999999999,4.39,,,-12.13597195,-77.02193168
266.211,1.7822,4.43,,,-12.13597195,-77.02193168
266.222,0,0,-28.675951516721398,15.22154424060136,-12.1359598,-77.02193962
266.408,1.7822,4.45,,,-12.1359598,-77.02193962
266.608,1.6758,4.48,,,-12.1359598,-77.02193962
266.808,1.7289999999999999,4.51,,,-12.1359598,-77.02193962
267.009,1.5959999999999999,4.54,,,-12.1359598,-77.02193962
267.222,1.6758,4.57,,,-12.1359598,-77.02193962
267.229,0,0,-29.256155302282423,14.757252006791532,-12.13594602,-77.02194578
267.41,1.6758,4.59,,,-12.13594602,-77.02194578
267.61,1.6758,4.6,,,-12.13594602,-77.02194578
267.812,1.6758,4.63,,,-12.13594602,-77.02194578
268.012,1.5959999999999999,4.65,,,-12.13594602,-77.02194578
268.217,1.5428,4.68,,,-12.13594602,-77.02194578
268.222,0,0,-29.58022066997364,14.348152762278914,-12.13593208,-77.02194953
268.413,1.4364,4.69,,,-12.13593208,-77.02194953
268.613,1.3299999999999998,4.71,,,-12.13593208,-77.02194953
269.015,1.2502,4.72,,,-12.13593208,-77.02194953
269.223,1.3832,4.73,,,-12.13593208,-77.02194953
269.232,0,0,-29.770068305544555,14.024682332761586,-12.13592042,-77.0219519
269.416,1.4364,4.75,,,-12.13592042,-77.0219519
269.615,1.4364,4.75,,,-12.13592042,-77.0219519
269.816,1.3299999999999998,4.77,,,-12.13592042,-77.0219519
270.018,1.1969999999999998,4.77,,,-12.13592042,-77.0219519
270.238,1.1438,4.78,,,-12.13592042,-77.0219519
270.239,0,0,-29.879684483399615,13.740333610214293,-12.13590962,-77.02195347
270.416,1.3299999999999998,4.78,,,-12.13590962,-77.02195347
270.617,1.5959999999999999,4.79,,,-12.13590962,-77.02195347
270.817,1.4895999999999998,4.8,,,-12.13590962,-77.02195347
271.019,1.4364,4.8100000000000005,,,-12.13590962,-77.02195347
271.221,1.4364,4.82,-29.79566624434665,13.467745502479374,-12.13589745,-77.02195328
271.419,1.4364,4.83,,,-12.13589745,-77.02195328
271.627,1.4895999999999998,4.83,,,-12.13589745,-77.02195328
271.82,1.5959999999999999,4.83,,,-12.13589745,-77.02195328
272.021,1.5959999999999999,4.83,,,-12.13589745,-77.02195328
272.227,1.5959999999999999,4.83,-29.5601731648203,13.225269401445985,-12.13588508,-77.02195167
272.422,1.5428,4.82,,,-12.13588508,-77.02195167
272.622,1.5959999999999999,4.8100000000000005,,,-12.13588508,-77.02195167
272.823,1.6758,4.8,,,-12.13588508,-77.02195167
273.024,1.5959999999999999,4.8,,,-12.13588508,-77.02195167
273.227,1.5428,4.79,,,-12.13588508,-77.02195167
273.228,0,0,-29.26449892995879,13.00242068618536,-12.13587295,-77.02194948
273.425,1.5959999999999999,4.8,,,-12.13587295,-77.02194948
273.624,1.5959999999999999,4.8,,,-12.13587295,-77.02194948
273.824,1.6758,4.79,,,-12.13587295,-77.02194948
274.026,1.5428,4.79,,,-12.13587295,-77.02194948
274.226,1.5428,4.79,-29.109843076439574,12.708929443731904,-12.13585923,-77.0219487
274.425,1.5959999999999999,4.79,,,-12.13585923,-77.0219487
274.628,1.6758,4.8,,,-12.13585923,-77.0219487
274.827,1.5959999999999999,4.8,,,-12.13585923,-77.0219487
275.029,1.5428,4.8,,,-12.13585923,-77.0219487
275.227,1.5428,4.8,-29.029006728203967,12.40658214315772,-12.13584585,-77.0219486
275.429,1.5959999999999999,4.8,,,-12.13584585,-77.0219486
275.629,1.6758,4.8,,,-12.13584585,-77.0219486
275.83,1.5959999999999999,4.8,,,-12.13584585,-77.0219486
276.029,1.5959999999999999,4.8,,,-12.13584585,-77.0219486
276.229,1.5959999999999999,4.8,-28.978671689983457,12.101044001989067,-12.13583263,-77.02194878
276.431,1.5428,4.8,,,-12.13583263,-77.02194878
276.631,1.5959999999999999,4.8,,,-12.13583263,-77.02194878
276.832,1.5959999999999999,4.79,,,-12.13583263,-77.02194878
277.032,1.5428,4.79,,,-12.13583263,-77.02194878
277.239,1.5959999999999999,4.79,,,-12.13583263,-77.02194878
277.24,0,0,-28.954109427286312,11.800841440446675,-12.13581988,-77.02194918
277.432,1.6758,4.8,,,-12.13581988,-77.02194918
277.636,1.6758,4.8,,,-12.13581988,-77.02194918
277.834,1.5959999999999999,4.8,,,-12.13581988,-77.02194918
278.034,1.5959999999999999,4.82,,,-12.13581988,-77.02194918
278.236,1.5959999999999999,4.82,-28.92754293908365,11.496783034875989,-12.13580695,-77.02194957
278.435,1.5959999999999999,4.82,,,-12.13580695,-77.02194957
278.635,1.5959999999999999,4.82,,,-12.13580695,-77.02194957
278.836,1.5959999999999999,4.82,,,-12.13580695,-77.02194957
279.039,1.5959999999999999,4.83,,,-12.13580695,-77.02194957
279.238,1.5959999999999999,4.82,-28.950240092584863,11.178972504101694,-12.13579392,-77.02195043
279.437,1.5428,4.82,,,-12.13579392,-77.02195043
279.638,1.5959999999999999,4.82,,,-12.13579392,-77.02195043
279.838,1.5959999999999999,4.8100000000000005,,,-12.13579392,-77.02195043
280.04,1.5428,4.8100000000000005,,,-12.13579392,-77.02195043
280.251,1.5428,4.8100000000000005,,,-12.13579392,-77.02195043
280.273,0,0,-28.789558718446642,10.907742635346949,-12.13578107,-77.02194955
280.446,1.4895999999999998,4.82,,,-12.13578107,-77.02194955
280.641,1.5428,4.82,,,-12.13578107,-77.02194955
280.842,1.5959999999999999,4.83,,,-12.13578107,-77.02194955
281.043,1.4895999999999998,4.83,,,-12.13578107,-77.02194955
281.242,1.4895999999999998,4.82,-28.647812265669927,10.646062975749373,-12.1357688,-77.02194882
281.442,1.4364,4.82,,,-12.1357688,-77.02194882
281.645,1.5428,4.82,,,-12.1357688,-77.02194882
281.843,1.5428,4.82,,,-12.1357688,-77.02194882
282.044,1.3832,4.8100000000000005,,,-12.1357688,-77.02194882
282.246,1.3832,4.8100000000000005,-28.60679794009775,10.366446018218994,-12.13575675,-77.02194903
282.445,1.3832,4.8100000000000005,,,-12.13575675,-77.02194903
282.645,1.4364,4.8,,,-12.13575675,-77.02194903
282.847,1.4895999999999998,4.8,,,-12.13575675,-77.02194903
283.047,1.3832,4.8,,,-12.13575675,-77.02194903
283.246,1.4364,4.79,-28.663776485947892,10.061846532858908,-12.1357446,-77.02195017
283.447,1.3832,4.79,,,-12.1357446,-77.02195017
283.647,1.4364,4.79,,,-12.1357446,-77.02195017
283.847,1.4895999999999998,4.79,,,-12.1357446,-77.02195017
284.049,1.4895999999999998,4.78,,,-12.1357446,-77.02195017
284.248,1.3832,4.79,-28.73924185987562,9.779374781996012,-12.13573355,-77.02195143
284.45,1.4364,4.79,,,-12.13573355,-77.02195143
284.65,1.4364,4.8,,,-12.13573355,-77.02195143
284.851,1.4895999999999998,4.8,,,-12.13573355,-77.02195143
285.052,1.4895999999999998,4.8,,,-12.13573355,-77.02195143
285.252,1.4364,4.79,-28.67726611229591,9.524980233982205,-12.13572235,-77.0219514
285.452,1.4364,4.78,,,-12.13572235,-77.0219514
285.653,1.4364,4.78,,,-12.13572235,-77.0219514
285.853,1.4364,4.77,,,-12.13572235,-77.0219514
286.054,1.4895999999999998,4.77,,,-12.13572235,-77.0219514
286.254,1.4895999999999998,4.75,-28.7000650302507,9.236654931679368,-12.13571055,-77.0219522
286.457,1.4895999999999998,4.74,,,-12.13571055,-77.0219522
286.654,1.5428,4.73,,,-12.13571055,-77.0219522
286.857,1.5428,4.73,,,-12.13571055,-77.0219522
287.055,1.4895999999999998,4.73,,,-12.13571055,-77.0219522
287.255,1.4895999999999998,4.73,-28.839804806513712,8.899069371633232,-12.13569782,-77.02195415
287.456,1.4895999999999998,4.72,,,-12.13569782,-77.02195415
287.657,1.4895999999999998,4.71,,,-12.13569782,-77.02195415
287.861,1.4895999999999998,4.7,,,-12.13569782,-77.02195415
288.057,1.4895999999999998,4.7,,,-12.13569782,-77.02195415
288.258,1.4364,4.7,-28.88768095569685,8.646945985034108,-12.13568777,-77.0219551
288.458,1.4364,4.7,,,-12.13568777,-77.0219551
288.66,1.3299999999999998,4.7,,,-12.13568777,-77.0219551
288.86,1.3299999999999998,4.7,,,-12.13568777,-77.0219551
289.06,1.3832,4.7,,,-12.13568777,-77.0219551
289.263,1.3832,4.7,-28.847508907085285,8.424230604432523,-12.1356781,-77.0219552
289.461,1.4364,4.7,,,-12.1356781,-77.0219552
289.662,1.3832,4.7,,,-12.1356781,-77.0219552
289.862,1.3299999999999998,4.7,,,-12.1356781,-77.0219552
290.063,1.1969999999999998,4.71,,,-12.1356781,-77.0219552
290.263,1.0906,4.71,-28.80332831805572,8.193803204223514,-12.13566807,-77.02195528
290.463,1.0906,4.71,,,-12.13566807,-77.02195528
290.664,1.0906,4.71,,,-12.13566807,-77.02195528
290.864,0.9576,4.71,,,-12.13566807,-77.02195528
291.065,0.9576,4.71,,,-12.13566807,-77.02195528
291.265,0.9576,4.72,-28.82464630319737,7.986183439381421,-12.13565962,-77.0219559
291.467,0.9044,4.72,,,-12.13565962,-77.0219559
291.665,0.9576,4.72,,,-12.13565962,-77.0219559
291.866,0.9576,4.73,,,-12.13565962,-77.0219559
292.066,0.9576,4.73,,,-12.13565962,-77.0219559
292.267,1.0906,4.73,-28.957304724957794,7.777612393721938,-12.1356522,-77.02195752
292.468,1.0906,4.73,,,-12.1356522,-77.02195752
292.668,1.0373999999999999,4.73,,,-12.1356522,-77.02195752
292.871,1.1438,4.74,,,-12.1356522,-77.02195752
293.069,1.1438,4.73,,,-12.1356522,-77.02195752
293.269,1.1969999999999998,4.73,-29.07754182908684,7.558710226789117,-12.13564423,-77.02195905
293.469,1.1969999999999998,4.72,,,-12.13564423,-77.02195905
293.67,1.1438,4.71,,,-12.13564423,-77.02195905
293.871,1.0906,4.7,,,-12.13564423,-77.02195905
294.071,1.0906,4.69,,,-12.13564423,-77.02195905
294.271,1.0906,4.68,-29.201075124088675,7.305703951977193,-12.13563487,-77.02196068
294.472,1.0906,4.68,,,-12.13563487,-77.02196068
294.672,1.1438,4.67,,,-12.13563487,-77.02196068
294.873,1.0373999999999999,4.65,,,-12.13563487,-77.02196068
295.073,1.0373999999999999,4.64,,,-12.13563487,-77.02196068
295.274,1.0373999999999999,4.62,-29.29031802364625,7.044288130477071,-12.13562483,-77.02196202
295.475,1.0906,4.61,,,-12.13562483,-77.02196202
295.675,1.0906,4.6,,,-12.13562483,-77.02196202
295.876,1.1438,4.58,,,-12.13562483,-77.02196202
296.076,1.1438,4.58,,,-12.13562483,-77.02196202
296.277,1.1969999999999998,4.59,-29.369535750476643,6.792619502171874,-12.1356151,-77.02196325
296.477,1.2502,4.6,,,-12.1356151,-77.02196325
296.678,1.2502,4.61,,,-12.1356151,-77.02196325
296.879,1.3299999999999998,4.63,,,-12.1356151,-77.02196325
297.078,1.3832,4.65,,,-12.1356151,-77.02196325
297.278,1.3832,4.67,-29.311780959600583,6.600105533376336,-12.13560652,-77.02196313
297.479,1.4895999999999998,4.7,,,-12.13560652,-77.02196313
297.679,1.4895999999999998,4.73,,,-12.13560652,-77.02196313
297.88,1.4895999999999998,4.76,,,-12.13560652,-77.02196313
298.084,1.4364,4.79,,,-12.13560652,-77.02196313
298.281,1.4364,4.8100000000000005,-29.30143186589703,6.342211734503508,-12.13559567,-77.02196357
298.481,1.4895999999999998,4.84,,,-12.13559567,-77.02196357
298.682,1.4895999999999998,4.87,,,-12.13559567,-77.02196357
298.882,1.5959999999999999,4.89,,,-12.13559567,-77.02196357
299.083,1.4364,4.91,,,-12.13559567,-77.02196357
299.283,1.3832,4.94,-29.2612716734875,6.032415994442999,-12.13558237,-77.02196385
299.484,1.4364,4.96,,,-12.13558237,-77.02196385
299.684,1.3299999999999998,4.99,,,-12.13558237,-77.02196385
299.885,1.4364,5.01,,,-12.13558237,-77.02196385
300.085,1.4364,5.03,,,-12.13558237,-77.02196385
300.286,1.3299999999999998,5.06,-28.917953196913004,5.835187838412821,-12.13557085,-77.02196118
300.486,1.3299999999999998,5.08,,,-12.13557085,-77.02196118
300.687,1.2502,5.1,,,-12.13557085,-77.02196118
300.889,1.3299999999999998,5.13,,,-12.13557085,-77.02196118
301.089,1.3299999999999998,5.14,,,-12.13557085,-77.02196118
301.289,1.3299999999999998,5.17,-28.61160254944116,5.657986801117659,-12.13556052,-77.0219588
301.49,1.2502,5.19,,,-12.13556052,-77.0219588
301.691,1.2502,5.21,,,-12.13556052,-77.0219588
301.891,1.1969999999999998,5.23,,,-12.13556052,-77.0219588
302.092,1.1969999999999998,5.25,,,-12.13556052,-77.0219588
302.291,1.2502,5.27,-28.173217880073935,5.532325245440006,-12.13555107,-77.02195513
302.492,1.2502,5.29,,,-12.13555107,-77.02195513
302.693,1.1969999999999998,5.31,,,-12.13555107,-77.02195513
302.892,1.1969999999999998,5.34,,,-12.13555107,-77.02195513
303.092,1.1969999999999998,5.36,,,-12.13555107,-77.02195513
303.294,1.1438,5.39,-27.732553242705762,5.4354960368946195,-12.1355428,-77.02195138
303.494,1.1969999999999998,5.41,,,-12.1355428,-77.02195138
303.694,1.2502,5.43,,,-12.1355428,-77.02195138
303.895,1.2502,5.45,,,-12.1355428,-77.02195138
304.295,1.1438,5.5,-27.236880188807845,5.366217490285635,-12.13553515,-77.02194708
304.496,1.1969999999999998,5.52,,,-12.13553515,-77.02194708
304.697,1.1969999999999998,5.55,,,-12.13553515,-77.02194708
304.898,1.1438,5.57,,,-12.13553515,-77.02194708
305.098,1.1969999999999998,5.59,,,-12.13553515,-77.02194708
305.217,0,0,-26.616310975514352,5.3262030417099595,-12.13552752,-77.0219416
305.299,1.0373999999999999,5.61,,,-12.13552752,-77.0219416
305.501,1.0373999999999999,5.64,,,-12.13552752,-77.0219416
305.7,1.0373999999999999,5.65,,,-12.13552752,-77.0219416
305.901,0.9576,5.67,,,-12.13552752,-77.0219416
306.101,1.0373999999999999,5.69,,,-12.13552752,-77.0219416
306.301,0.9576,5.71,-25.87020241166465,5.346546365879476,-12.1355212,-77.02193487
306.5,0.9576,5.73,,,-12.1355212,-77.02193487
306.701,1.0373999999999999,5.75,,,-12.1355212,-77.02193487
306.906,0.9044,5.77,,,-12.1355212,-77.02193487
307.102,0.9576,5.79,,,-12.1355212,-77.02193487
307.303,0.9576,5.8100000000000005,-25.224769654218107,5.377751514315605,-12.1355163,-77.02192902
307.503,0.9044,5.83,,,-12.1355163,-77.02192902
307.704,0.9044,5.84,,,-12.1355163,-77.02192902
307.906,0.9044,5.86,,,-12.1355163,-77.02192902
308.106,0.9044,5.88,,,-12.1355163,-77.02192902
308.313,0.7979999999999999,5.89,-24.460888500791043,5.4710385808721185,-12.13551285,-77.02192198
308.506,0.6916,5.91,,,-12.13551285,-77.02192198
308.707,0.5054,5.92,,,-12.13551285,-77.02192198
308.907,0.3458,5.92,,,-12.13551285,-77.02192198
309.108,0.1596,5.92,,,-12.13551285,-77.02192198
309.308,0.0532,5.92,-23.81916044675745,5.557043851353228,-12.13551027,-77.02191605
309.509,0,5.92,,,-12.13551027,-77.02191605
309.709,0,5.92,,,-12.13551027,-77.02191605
309.91,0,5.92,,,-12.13551027,-77.02191605
310.109,0.0532,5.92,,,-12.13551027,-77.02191605
310.309,0,5.92,-23.665234693326056,5.649131660349667,-12.13551263,-77.02191448
310.51,0,5.92,,,-12.13551263,-77.02191448